0.020000
0.020580
0.021176
0.021790
0.022421
0.023071
0.023739
0.024427
0.025135
0.025864
0.026613
0.027384
0.028178
0.028995
0.029835
0.030699
0.031589
0.032504
0.033446
0.034416
0.035413
0.036439
0.037495
0.038582
0.039700
0.040850
0.042034
0.043252
0.044506
0.045795
0.047122
0.048488
0.049893
0.051339
0.052827
0.054358
0.055933
0.057554
0.059222
0.060938
0.062704
0.064521
0.066391
0.068315
0.070294
0.072331
0.074428
0.076584
0.078804
0.081087
0.083437
0.085855
0.088343
0.090903
0.093538
0.096248
0.099038
0.101908
0.104861
0.107900
0.111026
0.114244
0.117555
0.120961
0.124467
0.128074
0.131785
0.135604
0.139534
0.143577
0.147738
0.152019
0.156425
0.160958
0.165622
0.170422
0.175361
0.180442
0.185672
0.191052
0.196589
0.202286
0.208148
0.214180
0.220386
0.226773
0.233345
0.240107
0.247065
0.254225
0.261592
0.269173
0.276973
0.285000
0.293259
0.301757
0.310502
0.319500
0.328759
0.338286
0.348089
0.358177
0.368556
0.379237
0.390227
0.401535
0.413171
0.425145
0.437465
0.450143
0.463187
0.476610
0.490422
0.504634
0.519258
0.534306
0.549789
0.565722
0.582116
0.598985
0.616343
0.634205
0.652583
0.671495
0.690954
0.710977
0.731581
0.752782
0.774597
0.797044
0.820142
0.843909
0.868364
0.893529
0.919423
0.946067
0.973483
1.001694
1.030722
1.060592
1.091327
1.122953
1.155495
1.188980
1.223436
1.258890
1.295372
1.332911
1.371538
1.411284
1.452182
1.494265
1.537567
1.582125
1.627974
1.675151
1.723696
1.773647
1.825046
1.877934
1.932356
1.988354
2.045975
2.105265
2.166274
2.229051
2.293647
2.360116
2.428510
2.498886
2.571302
2.645816
2.722490
2.801386
2.882568
2.966102
3.052058
3.140504
3.231513
3.325160
3.421521
3.520674
3.622700
3.727683
3.835708
3.946864
4.061241
4.178933
4.300035
4.424647
4.552870
4.684808
4.820571
4.960267
5.104012
5.251922
5.404119
5.560726
5.721871
5.887687
6.058307
6.233872
6.414525
6.600413
6.791688
6.988506
7.191027
7.399418
7.613847
7.834490
8.061528
8.295145
8.535532
8.782885
9.037406
9.299303
9.568789
9.846085
10.131417
10.425018
10.727127
11.037991
11.357863
11.687005
12.025686
12.374181
12.732775
13.101761
13.481440
13.872121
14.274125
14.687778
15.113418
15.551393
16.002061
16.465788
16.942954
17.433947
17.939170
18.459033
18.993961
19.544392
20.110773
20.693568
21.293251
21.910313
22.545257
23.198601
23.870879
24.562638
25.274444
26.006878
26.760537
27.536037
28.334010
29.155108
30.000000
