2.000000e-02	1.492321e+01
2.057958e-02	1.540935e+01
2.117596e-02	1.587764e+01
2.178963e-02	1.633264e+01
2.242107e-02	1.677837e+01
2.307082e-02	1.721842e+01
2.373939e-02	1.767242e+01
2.442734e-02	1.814178e+01
2.513523e-02	1.861697e+01
2.586363e-02	1.910073e+01
2.661314e-02	1.959572e+01
2.738436e-02	2.010452e+01
2.817794e-02	2.062967e+01
2.899452e-02	2.117370e+01
2.983476e-02	2.173918e+01
3.069934e-02	2.232919e+01
3.158899e-02	2.294663e+01
3.250441e-02	2.359364e+01
3.344636e-02	2.427308e+01
3.441561e-02	2.498796e+01
3.541295e-02	2.574145e+01
3.643919e-02	2.653691e+01
3.749517e-02	2.737791e+01
3.858175e-02	2.826825e+01
3.969982e-02	2.920683e+01
4.085029e-02	3.018990e+01
4.203410e-02	3.123339e+01
4.325222e-02	3.234215e+01
4.450563e-02	3.352144e+01
4.579537e-02	3.477693e+01
4.712249e-02	3.611477e+01
4.848806e-02	3.754166e+01
4.989321e-02	3.886547e+01
5.133907e-02	4.173585e+01
5.282684e-02	4.476568e+01
5.435772e-02	4.801314e+01
5.593296e-02	5.149430e+01
5.755386e-02	5.522642e+01
5.922172e-02	5.922811e+01
6.093792e-02	6.351938e+01
6.270386e-02	6.812177e+01
6.452097e-02	7.305849e+01
6.639073e-02	7.835473e+01
6.831469e-02	8.404273e+01
7.029439e-02	9.014695e+01
7.233147e-02	9.669877e+01
7.442758e-02	1.037320e+02
7.658443e-02	1.112831e+02
7.880379e-02	1.193913e+02
8.108746e-02	1.280991e+02
8.343731e-02	1.374522e+02
8.585526e-02	1.474998e+02
8.834328e-02	1.582936e+02
9.090340e-02	1.698922e+02
9.353771e-02	1.823577e+02
9.624836e-02	1.957569e+02
9.903757e-02	2.101619e+02
1.019076e-01	2.256508e+02
1.048608e-01	2.423079e+02
1.078996e-01	2.602240e+02
1.110264e-01	2.794975e+02
1.142439e-01	3.002215e+02
1.175546e-01	3.225176e+02
1.209612e-01	3.465130e+02
1.244666e-01	3.723414e+02
1.280735e-01	4.001476e+02
1.317850e-01	4.300879e+02
1.356040e-01	4.623318e+02
1.395337e-01	4.970625e+02
1.435773e-01	5.344782e+02
1.477381e-01	5.747671e+02
1.520194e-01	6.181678e+02
1.564248e-01	6.649437e+02
1.609579e-01	7.153660e+02
1.656223e-01	7.697289e+02
1.704219e-01	8.283505e+02
1.753606e-01	8.915759e+02
1.804424e-01	9.597789e+02
1.856715e-01	1.033365e+03
1.910521e-01	1.113106e+03
1.965887e-01	1.199543e+03
2.022857e-01	1.292933e+03
2.081478e-01	1.393859e+03
2.141797e-01	1.502952e+03
2.203865e-01	1.620901e+03
2.267731e-01	1.748452e+03
2.333448e-01	1.837349e+03
2.401070e-01	1.813293e+03
2.470651e-01	1.791008e+03
2.542248e-01	1.771358e+03
2.615921e-01	1.752125e+03
2.691728e-01	1.733321e+03
2.769732e-01	1.714960e+03
2.849997e-01	1.697056e+03
2.932588e-01	1.679624e+03
3.017572e-01	1.662683e+03
3.105019e-01	1.646253e+03
3.195000e-01	1.629544e+03
3.287588e-01	1.611036e+03
3.382860e-01	1.592938e+03
3.480893e-01	1.575258e+03
3.581766e-01	1.558007e+03
3.685563e-01	1.541199e+03
3.792368e-01	1.524845e+03
3.902268e-01	1.508961e+03
4.015352e-01	1.493564e+03
4.131714e-01	1.478291e+03
4.251448e-01	1.461027e+03
4.374652e-01	1.444155e+03
4.501426e-01	1.427684e+03
4.631874e-01	1.411622e+03
4.766102e-01	1.395979e+03
4.904220e-01	1.380766e+03
5.046340e-01	1.365997e+03
5.192579e-01	1.351686e+03
5.343056e-01	1.337834e+03
5.497894e-01	1.321849e+03
5.657219e-01	1.306234e+03
5.821160e-01	1.290997e+03
5.989853e-01	1.276145e+03
6.163434e-01	1.261686e+03
6.342046e-01	1.247629e+03
6.525833e-01	1.233985e+03
6.714947e-01	1.220768e+03
6.909541e-01	1.207992e+03
7.109774e-01	1.193566e+03
7.315810e-01	1.179199e+03
7.527816e-01	1.165183e+03
7.745967e-01	1.151524e+03
7.970439e-01	1.138231e+03
8.201416e-01	1.125311e+03
8.439087e-01	1.112773e+03
8.683645e-01	1.100629e+03
8.935290e-01	1.088890e+03
9.194228e-01	1.075945e+03
9.460669e-01	1.062785e+03
9.734832e-01	1.049950e+03
1.001694e+00	1.037446e+03
1.030722e+00	1.025278e+03
1.060592e+00	1.013453e+03
1.091327e+00	1.001980e+03
1.122953e+00	9.908673e+02
1.155495e+00	9.801264e+02
1.188980e+00	9.685551e+02
1.223436e+00	9.565469e+02
1.258890e+00	9.448378e+02
1.295372e+00	9.334320e+02
1.332911e+00	9.223345e+02
1.371538e+00	9.115511e+02
1.411284e+00	9.010889e+02
1.452182e+00	8.909559e+02
1.494265e+00	8.811617e+02
1.537567e+00	8.701373e+02
1.582125e+00	8.577202e+02
1.627974e+00	8.348104e+02
1.675151e+00	8.108172e+02
1.723696e+00	7.874958e+02
1.773647e+00	7.648283e+02
1.825046e+00	7.427970e+02
1.877934e+00	7.213849e+02
1.932356e+00	7.005753e+02
1.988354e+00	6.803519e+02
2.045975e+00	6.606988e+02
2.105265e+00	6.416006e+02
2.166274e+00	6.230422e+02
2.229051e+00	6.050089e+02
2.293647e+00	5.874864e+02
2.360116e+00	5.704606e+02
2.428510e+00	5.539181e+02
2.498886e+00	5.378456e+02
2.571302e+00	5.222301e+02
2.645816e+00	5.070591e+02
2.722490e+00	4.923204e+02
2.801386e+00	4.780020e+02
2.882568e+00	4.640922e+02
2.966102e+00	4.505799e+02
3.052058e+00	4.374539e+02
3.140504e+00	4.247036e+02
3.231513e+00	4.123184e+02
3.325160e+00	4.002883e+02
3.421521e+00	3.886033e+02
3.520674e+00	3.772538e+02
3.622700e+00	3.662304e+02
3.727683e+00	3.555240e+02
3.835708e+00	3.451257e+02
3.946864e+00	3.350268e+02
4.061241e+00	3.252190e+02
4.178933e+00	3.156941e+02
4.300035e+00	3.064441e+02
4.424647e+00	2.974612e+02
4.552870e+00	2.887379e+02
4.684808e+00	2.802669e+02
4.820571e+00	2.720410e+02
4.960267e+00	2.640533e+02
5.104012e+00	2.562971e+02
5.251922e+00	2.487657e+02
5.404119e+00	2.414528e+02
5.560726e+00	2.343522e+02
5.721871e+00	2.274578e+02
5.887687e+00	2.207638e+02
6.058307e+00	2.142645e+02
6.233872e+00	2.079542e+02
6.414525e+00	2.018277e+02
6.600413e+00	1.958795e+02
6.791688e+00	1.901048e+02
6.988506e+00	1.844984e+02
7.191027e+00	1.790555e+02
7.399418e+00	1.737715e+02
7.613847e+00	1.686418e+02
7.834490e+00	1.636620e+02
8.061528e+00	1.588277e+02
8.295145e+00	1.541348e+02
8.535532e+00	1.495793e+02
8.782885e+00	1.451570e+02
9.037406e+00	1.408643e+02
9.299303e+00	1.366973e+02
9.568789e+00	1.326524e+02
9.846085e+00	1.287262e+02
1.013142e+01	1.249151e+02
1.042502e+01	1.212158e+02
1.072713e+01	1.176252e+02
1.103799e+01	1.141400e+02
1.135786e+01	1.107572e+02
1.168701e+01	1.074739e+02
1.202569e+01	1.042871e+02
1.237418e+01	1.011940e+02
1.273277e+01	9.819199e+01
1.310176e+01	9.527832e+01
1.348144e+01	9.245045e+01
1.387212e+01	8.970588e+01
1.427412e+01	8.704218e+01
1.468778e+01	8.445701e+01
1.511342e+01	8.194807e+01
1.555139e+01	7.951314e+01
1.600206e+01	7.715006e+01
1.646579e+01	7.485672e+01
1.694295e+01	7.263110e+01
1.743395e+01	7.047122e+01
1.793917e+01	6.837514e+01
1.845903e+01	6.634101e+01
1.899396e+01	6.436702e+01
1.954439e+01	6.245140e+01
2.011077e+01	6.059243e+01
2.069357e+01	5.878847e+01
2.129325e+01	5.703790e+01
2.191031e+01	5.533916e+01
2.254526e+01	5.369071e+01
2.319860e+01	5.209109e+01
2.387088e+01	5.053886e+01
2.456264e+01	4.903264e+01
2.527444e+01	4.757106e+01
2.600688e+01	4.615281e+01
2.676054e+01	4.477663e+01
2.753604e+01	4.344127e+01
2.833401e+01	4.214553e+01
2.915511e+01	4.088825e+01
3.000000e+01	3.966828e+01
