2.000000e-02	2.107132e+07
2.057958e-02	2.077247e+07
2.117596e-02	2.047768e+07
2.178963e-02	2.018698e+07
2.242107e-02	1.990056e+07
2.307082e-02	1.961830e+07
2.373939e-02	1.933996e+07
2.442734e-02	1.906561e+07
2.513523e-02	1.879516e+07
2.586363e-02	1.852855e+07
2.661314e-02	1.826573e+07
2.738436e-02	1.800666e+07
2.817794e-02	1.775126e+07
2.899452e-02	1.749949e+07
2.983476e-02	1.725130e+07
3.069934e-02	1.700664e+07
3.158899e-02	1.676545e+07
3.250441e-02	1.652766e+07
3.344636e-02	1.629327e+07
3.441561e-02	1.606225e+07
3.541295e-02	1.583447e+07
3.643919e-02	1.560993e+07
3.749517e-02	1.538858e+07
3.858175e-02	1.517037e+07
3.969982e-02	1.495520e+07
4.085029e-02	1.474319e+07
4.203410e-02	1.453414e+07
4.325222e-02	1.432800e+07
4.450563e-02	1.412492e+07
4.579537e-02	1.392458e+07
4.712249e-02	1.372723e+07
4.848806e-02	1.353221e+07
4.989321e-02	1.334318e+07
5.133907e-02	1.315395e+07
5.282684e-02	1.296745e+07
5.435772e-02	1.278359e+07
5.593296e-02	1.260234e+07
5.755386e-02	1.242366e+07
5.922172e-02	1.224752e+07
6.093792e-02	1.207388e+07
6.270386e-02	1.190270e+07
6.452097e-02	1.173395e+07
6.639073e-02	1.156760e+07
6.831469e-02	1.140361e+07
7.029439e-02	1.124194e+07
7.233147e-02	1.108257e+07
7.442758e-02	1.092546e+07
7.658443e-02	1.077057e+07
7.880379e-02	1.061789e+07
8.108746e-02	1.046737e+07
8.343731e-02	1.031899e+07
8.585526e-02	1.017271e+07
8.834328e-02	1.002852e+07
9.090340e-02	9.886367e+06
9.353771e-02	9.746232e+06
9.624836e-02	9.608086e+06
9.903757e-02	9.471901e+06
1.019076e-01	9.337649e+06
1.048608e-01	9.205303e+06
1.078996e-01	9.074835e+06
1.110264e-01	8.946217e+06
1.142439e-01	8.819426e+06
1.175546e-01	8.694436e+06
1.209612e-01	8.571220e+06
1.244666e-01	8.449754e+06
1.280735e-01	8.330011e+06
1.317850e-01	8.211969e+06
1.356040e-01	8.095603e+06
1.395337e-01	7.980889e+06
1.435773e-01	7.867802e+06
1.477381e-01	7.756306e+06
1.520194e-01	7.646425e+06
1.564248e-01	7.538089e+06
1.609579e-01	7.431292e+06
1.656223e-01	7.326012e+06
1.704219e-01	7.222226e+06
1.753606e-01	7.119915e+06
1.804424e-01	7.019058e+06
1.856715e-01	6.919651e+06
1.910521e-01	6.821656e+06
1.965887e-01	6.725035e+06
2.022857e-01	6.629787e+06
2.081478e-01	6.535891e+06
2.141797e-01	6.443330e+06
2.203865e-01	6.352084e+06
2.267731e-01	6.258068e+06
2.333448e-01	6.159572e+06
2.401070e-01	6.072233e+06
2.470651e-01	5.986177e+06
2.542248e-01	5.901272e+06
2.615921e-01	5.817574e+06
2.691728e-01	5.735066e+06
2.769732e-01	5.653731e+06
2.849997e-01	5.573553e+06
2.932588e-01	5.494515e+06
3.017572e-01	5.416593e+06
3.105019e-01	5.339765e+06
3.195000e-01	5.263962e+06
3.287588e-01	5.189304e+06
3.382860e-01	5.115708e+06
3.480893e-01	5.043157e+06
3.581766e-01	4.971638e+06
3.685563e-01	4.901130e+06
3.792368e-01	4.831637e+06
3.902268e-01	4.763126e+06
4.015352e-01	4.695575e+06
4.131714e-01	4.628908e+06
4.251448e-01	4.563260e+06
4.374652e-01	4.498544e+06
4.501426e-01	4.434749e+06
4.631874e-01	4.371860e+06
4.766102e-01	4.309866e+06
4.904220e-01	4.248753e+06
5.046340e-01	4.188509e+06
5.192579e-01	4.129122e+06
5.343056e-01	4.070488e+06
5.497894e-01	4.012761e+06
5.657219e-01	3.955855e+06
5.821160e-01	3.899757e+06
5.989853e-01	3.844457e+06
6.163434e-01	3.789943e+06
6.342046e-01	3.736204e+06
6.525833e-01	3.683229e+06
6.714947e-01	3.631008e+06
6.909541e-01	3.579458e+06
7.109774e-01	3.528688e+06
7.315810e-01	3.478648e+06
7.527816e-01	3.429318e+06
7.745967e-01	3.380690e+06
7.970439e-01	3.332753e+06
8.201416e-01	3.285498e+06
8.439087e-01	3.238915e+06
8.683645e-01	3.192994e+06
8.935290e-01	3.147673e+06
9.194228e-01	3.103021e+06
9.460669e-01	3.059017e+06
9.734832e-01	3.015640e+06
1.001694e+00	2.972878e+06
1.030722e+00	2.930725e+06
1.060592e+00	2.889170e+06
1.091327e+00	2.848207e+06
1.122953e+00	2.807826e+06
1.155495e+00	2.767981e+06
1.188980e+00	2.728709e+06
1.223436e+00	2.690015e+06
1.258890e+00	2.651870e+06
1.295372e+00	2.614267e+06
1.332911e+00	2.577199e+06
1.371538e+00	2.540658e+06
1.411284e+00	2.504636e+06
1.452182e+00	2.469127e+06
1.494265e+00	2.434074e+06
1.537567e+00	2.399506e+06
1.582125e+00	2.365138e+06
1.627974e+00	2.331483e+06
1.675151e+00	2.298350e+06
1.723696e+00	2.265687e+06
1.773647e+00	2.233487e+06
1.825046e+00	2.201743e+06
1.877934e+00	2.170450e+06
1.932356e+00	2.139600e+06
1.988354e+00	2.109187e+06
2.045975e+00	2.079206e+06
2.105265e+00	2.049650e+06
2.166274e+00	2.020513e+06
2.229051e+00	1.991789e+06
2.293647e+00	1.963472e+06
2.360116e+00	1.935557e+06
2.428510e+00	1.908037e+06
2.498886e+00	1.880907e+06
2.571302e+00	1.854163e+06
2.645816e+00	1.827797e+06
2.722490e+00	1.801805e+06
2.801386e+00	1.776181e+06
2.882568e+00	1.750921e+06
2.966102e+00	1.726019e+06
3.052058e+00	1.701470e+06
3.140504e+00	1.677269e+06
3.231513e+00	1.653411e+06
3.325160e+00	1.629891e+06
3.421521e+00	1.606705e+06
3.520674e+00	1.583847e+06
3.622700e+00	1.561313e+06
3.727683e+00	1.539099e+06
3.835708e+00	1.517199e+06
3.946864e+00	1.495611e+06
4.061241e+00	1.474328e+06
4.178933e+00	1.453346e+06
4.300035e+00	1.432663e+06
4.424647e+00	1.412272e+06
4.552870e+00	1.392171e+06
4.684808e+00	1.372354e+06
4.820571e+00	1.352818e+06
4.960267e+00	1.333559e+06
5.104012e+00	1.314573e+06
5.251922e+00	1.295856e+06
5.404119e+00	1.277405e+06
5.560726e+00	1.259215e+06
5.721871e+00	1.241283e+06
5.887687e+00	1.223605e+06
6.058307e+00	1.206177e+06
6.233872e+00	1.188997e+06
6.414525e+00	1.172060e+06
6.600413e+00	1.155363e+06
6.791688e+00	1.138903e+06
6.988506e+00	1.122675e+06
7.191027e+00	1.106678e+06
7.399418e+00	1.090908e+06
7.613847e+00	1.075361e+06
7.834490e+00	1.060035e+06
8.061528e+00	1.044926e+06
8.295145e+00	1.030031e+06
8.535532e+00	1.015346e+06
8.782885e+00	1.000870e+06
9.037406e+00	9.865996e+05
9.299303e+00	9.725309e+05
9.568789e+00	9.586617e+05
9.846085e+00	9.449890e+05
1.013142e+01	9.315100e+05
1.042502e+01	9.182220e+05
1.072713e+01	9.051223e+05
1.103799e+01	8.922082e+05
1.135786e+01	8.794771e+05
1.168701e+01	8.669264e+05
1.202569e+01	8.545535e+05
1.237418e+01	8.423559e+05
1.273277e+01	8.303312e+05
1.310176e+01	8.184768e+05
1.348144e+01	8.067904e+05
1.387212e+01	7.952695e+05
1.427412e+01	7.839118e+05
1.468778e+01	7.727151e+05
1.511342e+01	7.616770e+05
1.555139e+01	7.507952e+05
1.600206e+01	7.400677e+05
1.646579e+01	7.294920e+05
1.694295e+01	7.190662e+05
1.743395e+01	7.087881e+05
1.793917e+01	6.986556e+05
1.845903e+01	6.886666e+05
1.899396e+01	6.788190e+05
1.954439e+01	6.691110e+05
2.011077e+01	6.595405e+05
2.069357e+01	6.501055e+05
2.129325e+01	6.408042e+05
2.191031e+01	6.316346e+05
2.254526e+01	6.225948e+05
2.319860e+01	6.136831e+05
2.387088e+01	6.048976e+05
2.456264e+01	5.962365e+05
2.527444e+01	5.876981e+05
2.600688e+01	5.792806e+05
2.676054e+01	5.709822e+05
2.753604e+01	5.628014e+05
2.833401e+01	5.547364e+05
2.915511e+01	5.467856e+05
3.000000e+01	5.389474e+05
