2.000000000e-02 1.917205416e-09
2.028715777e-02 1.904647575e-09
2.057843852e-02 1.892092245e-09
2.087390145e-02 1.878564495e-09
2.117360660e-02 1.865092845e-09
2.147761489e-02 1.850913345e-09
2.178598809e-02 1.836830837e-09
2.209878888e-02 1.822253040e-09
2.241608083e-02 1.807803175e-09
2.273792842e-02 1.793028560e-09
2.306439706e-02 1.778405015e-09
2.339555311e-02 1.764798382e-09
2.373146385e-02 1.751361989e-09
2.407219756e-02 1.738815433e-09
2.441782350e-02 1.726435357e-09
2.476841188e-02 1.714107607e-09
2.512403398e-02 1.701933248e-09
2.548476206e-02 1.689887578e-09
2.585066944e-02 1.678000971e-09
2.622183047e-02 1.666306569e-09
2.659832059e-02 1.654774139e-09
2.698021631e-02 1.643488218e-09
2.736759525e-02 1.632364958e-09
2.776053614e-02 1.621532177e-09
2.815911882e-02 1.610860812e-09
2.856342431e-02 1.600517960e-09
2.897353478e-02 1.590333775e-09
2.938953356e-02 1.580512203e-09
2.981150521e-02 1.570845344e-09
3.023953548e-02 1.561593427e-09
3.067371136e-02 1.552492234e-09
3.111412109e-02 1.543839294e-09
3.156085418e-02 1.535331405e-09
3.201400141e-02 1.527263197e-09
3.247365487e-02 1.519331531e-09
3.293990799e-02 1.511859070e-09
3.341285552e-02 1.504515936e-09
3.389259358e-02 1.497650896e-09
3.437921966e-02 1.490907572e-09
3.487283267e-02 1.484659954e-09
3.537353291e-02 1.478526060e-09
3.588142216e-02 1.472904895e-09
3.639660362e-02 1.467389176e-09
3.691918200e-02 1.462402968e-09
3.744926350e-02 1.457513725e-09
3.798695586e-02 1.453170449e-09
3.853236834e-02 1.448915478e-09
3.908561179e-02 1.445047628e-09
3.964679865e-02 1.441243703e-09
4.021604296e-02 1.437599813e-09
4.079346043e-02 1.433988909e-09
4.137916839e-02 1.430949556e-09
4.197328588e-02 1.427974704e-09
4.257593364e-02 1.425587144e-09
4.318723415e-02 1.423254806e-09
4.380731165e-02 1.421527415e-09
4.443629215e-02 1.419846094e-09
4.507430348e-02 1.418787655e-09
4.572147531e-02 1.417766096e-09
4.637793916e-02 1.417385938e-09
4.704382844e-02 1.417033455e-09
4.771927849e-02 1.417343744e-09
4.840442658e-02 1.417672789e-09
4.909941194e-02 1.415856089e-09
4.980437583e-02 1.413749693e-09
5.051946151e-02 1.432026437e-09
5.124481431e-02 1.452482307e-09
5.198058164e-02 1.472978477e-09
5.272691304e-02 1.492800957e-09
5.348396018e-02 1.513713768e-09
5.425187693e-02 1.534101326e-09
5.503081933e-02 1.555604489e-09
5.582094570e-02 1.576579382e-09
5.662241662e-02 1.598695947e-09
5.743539497e-02 1.620281224e-09
5.826004598e-02 1.643035538e-09
5.909653722e-02 1.665255588e-09
5.994503872e-02 1.688672269e-09
6.080572291e-02 1.711551601e-09
6.167876471e-02 1.735655821e-09
6.256434154e-02 1.759219578e-09
6.346263338e-02 1.784039125e-09
6.437382280e-02 1.808315487e-09
6.529809498e-02 1.833881169e-09
6.623563775e-02 1.858901276e-09
6.718664166e-02 1.885317340e-09
6.815129998e-02 1.911199288e-09
6.912980875e-02 1.938439251e-09
7.012236684e-02 1.965128484e-09
7.112917597e-02 1.993209786e-09
7.215044076e-02 2.020737729e-09
7.318636875e-02 2.049692988e-09
7.423717048e-02 2.078092410e-09
7.530305950e-02 2.107956389e-09
7.638425244e-02 2.137262425e-09
7.748096903e-02 2.168069671e-09
7.859343215e-02 2.198316659e-09
7.972186789e-02 2.230105099e-09
8.086650559e-02 2.261331702e-09
8.202757787e-02 2.294140097e-09
8.320532069e-02 2.326385073e-09
8.439997341e-02 2.360252463e-09
8.561177883e-02 2.393554895e-09
8.684098321e-02 2.428508047e-09
8.808783637e-02 2.462891630e-09
8.935259172e-02 2.498983548e-09
9.063550627e-02 2.534508558e-09
9.193684078e-02 2.571788723e-09
9.325685969e-02 2.608501953e-09
9.459583129e-02 2.647017222e-09
9.595402770e-02 2.684965590e-09
9.733172494e-02 2.724764560e-09
9.872920300e-02 2.763997191e-09
1.001467459e-01 2.805131922e-09
1.015846417e-01 2.845701719e-09
1.030431827e-01 2.888225737e-09
1.045226652e-01 2.930186444e-09
1.060233900e-01 2.974154094e-09
1.075456620e-01 3.017560380e-09
1.090897907e-01 3.063032078e-09
1.106560897e-01 3.107946172e-09
1.122448775e-01 3.154898868e-09
1.138564770e-01 3.201272033e-09
1.154912156e-01 3.249796204e-09
1.171494256e-01 3.297761513e-09
1.188314440e-01 3.347960107e-09
1.205376126e-01 3.397611600e-09
1.222682783e-01 3.449556259e-09
1.240237926e-01 3.500958771e-09
1.258045124e-01 3.554723940e-09
1.276107995e-01 3.607955480e-09
1.294430212e-01 3.663612498e-09
1.313015497e-01 3.718742359e-09
1.331867627e-01 3.776370948e-09
1.350990434e-01 3.833482881e-09
1.370387804e-01 3.893162806e-09
1.390063679e-01 3.952335438e-09
1.410022059e-01 4.014150571e-09
1.430266998e-01 4.075470187e-09
1.450802613e-01 4.139403539e-09
1.471633075e-01 4.202816055e-09
1.492762619e-01 4.268960567e-09
1.514195538e-01 4.334613060e-09
1.535936189e-01 4.403128900e-09
1.557988990e-01 4.471187371e-09
1.580358422e-01 4.542193267e-09
1.603049032e-01 4.612759563e-09
1.626065432e-01 4.686363127e-09
1.649412298e-01 4.759547918e-09
1.673094376e-01 4.835855520e-09
1.697116479e-01 4.911764036e-09
1.721483488e-01 4.990889368e-09
1.746200356e-01 5.069639747e-09
1.771272106e-01 5.151703128e-09
1.796703834e-01 5.233417598e-09
1.822500707e-01 5.318541980e-09
1.848667969e-01 5.403344721e-09
1.875210938e-01 5.492536562e-09
1.902135008e-01 5.581819207e-09
1.929445650e-01 5.675644470e-09
1.957148416e-01 5.769619775e-09
1.985248935e-01 5.867511381e-09
2.013752918e-01 5.965261608e-09
2.042666158e-01 6.067059084e-09
2.071994531e-01 6.168762812e-09
2.101743998e-01 6.274649333e-09
2.131920604e-01 6.380493691e-09
2.162530483e-01 6.490659281e-09
2.193579854e-01 6.600837212e-09
2.225075029e-01 6.715484927e-09
2.257022409e-01 6.830206922e-09
2.289428485e-01 6.894255531e-09
2.322299844e-01 6.933349373e-09
2.355643167e-01 6.846733386e-09
2.389465229e-01 6.699793173e-09
2.423772904e-01 6.558615732e-09
2.458573166e-01 6.421922529e-09
2.493873085e-01 6.292102987e-09
2.529679837e-01 6.167274961e-09
2.566000699e-01 6.045188239e-09
2.602843051e-01 5.925890335e-09
2.640214381e-01 5.809228538e-09
2.678122285e-01 5.695243280e-09
2.716574467e-01 5.583794804e-09
2.755578740e-01 5.474916327e-09
2.795143033e-01 5.368478757e-09
2.835275385e-01 5.264508998e-09
2.875983953e-01 5.162889337e-09
2.917277010e-01 5.063640454e-09
2.959162949e-01 4.966657672e-09
3.001650281e-01 4.871954704e-09
3.044747641e-01 4.779437575e-09
3.088463788e-01 4.689113590e-09
3.132807607e-01 4.599850423e-09
3.177788110e-01 4.512079121e-09
3.223414438e-01 4.423459847e-09
3.269695863e-01 4.335148786e-09
3.316641792e-01 4.248808190e-09
3.364261765e-01 4.164443696e-09
3.412565461e-01 4.081971139e-09
3.461562696e-01 4.001393625e-09
3.511263427e-01 3.922634544e-09
3.561677756e-01 3.845694077e-09
3.612815929e-01 3.770503921e-09
3.664688337e-01 3.697060804e-09
3.717305524e-01 3.625300004e-09
3.770678183e-01 3.555216129e-09
3.824817160e-01 3.486752744e-09
3.879733459e-01 3.419901473e-09
3.935438239e-01 3.354612028e-09
3.991942823e-01 3.290873235e-09
4.049258694e-01 3.228280394e-09
4.107397499e-01 3.166933028e-09
4.166371054e-01 3.104763873e-09
4.226191346e-01 3.042450280e-09
4.286870530e-01 2.981543065e-09
4.348420940e-01 2.922031293e-09
4.410855083e-01 2.863870389e-09
4.474185649e-01 2.807048189e-09
4.538425508e-01 2.751523008e-09
4.603587716e-01 2.697281812e-09
4.669685516e-01 2.644286860e-09
4.736732340e-01 2.592524178e-09
4.804741815e-01 2.541959724e-09
4.873727763e-01 2.492578591e-09
4.943704203e-01 2.444350934e-09
5.014685357e-01 2.397260789e-09
5.086685651e-01 2.351281029e-09
5.159719717e-01 2.306394889e-09
5.233802398e-01 2.262568211e-09
5.308948750e-01 2.219785610e-09
5.385174044e-01 2.176294516e-09
5.462493773e-01 2.132417055e-09
5.540923650e-01 2.089538978e-09
5.620479615e-01 2.047644166e-09
5.701177835e-01 2.006709059e-09
5.783034711e-01 1.966717257e-09
5.866066879e-01 1.927646549e-09
5.950291214e-01 1.889480442e-09
6.035724832e-01 1.852198803e-09
6.122385097e-01 1.815785062e-09
6.210289620e-01 1.780220981e-09
6.299456267e-01 1.745489948e-09
6.389903158e-01 1.711575955e-09
6.481648676e-01 1.678462341e-09
6.574711465e-01 1.646135532e-09
6.669110440e-01 1.614578800e-09
6.764864785e-01 1.583779708e-09
6.861993960e-01 1.553721596e-09
6.960517704e-01 1.523380509e-09
7.060456042e-01 1.492812895e-09
7.161829283e-01 1.462811817e-09
7.264658030e-01 1.433369355e-09
7.368963181e-01 1.404605855e-09
7.474765933e-01 1.376505410e-09
7.582087790e-01 1.349056276e-09
7.690950562e-01 1.322242783e-09
7.801376373e-01 1.296055109e-09
7.913387666e-01 1.270477828e-09
8.027007204e-01 1.245501369e-09
8.142258080e-01 1.221110602e-09
8.259163714e-01 1.197297055e-09
8.377747867e-01 1.174045915e-09
8.498034637e-01 1.151350301e-09
8.620048472e-01 1.129195781e-09
8.743814167e-01 1.107575617e-09
8.869356877e-01 1.086475789e-09
8.996702115e-01 1.065325849e-09
9.125875762e-01 1.044072961e-09
9.256904069e-01 1.023129705e-09
9.389813666e-01 1.002466232e-09
9.524631565e-01 9.822820509e-10
9.661385164e-01 9.625634582e-10
9.800102256e-01 9.433048466e-10
9.940811032e-01 9.244928923e-10
1.008354009e+00 9.061220188e-10
1.022831843e+00 8.881792343e-10
1.037517549e+00 8.706600202e-10
1.052414111e+00 8.535517996e-10
1.067524555e+00 8.368505981e-10
1.082851954e+00 8.205442966e-10
1.098399421e+00 8.046290812e-10
1.114170118e+00 7.890932850e-10
1.130167248e+00 7.739338857e-10
1.146394064e+00 7.591397905e-10
1.162853862e+00 7.444046092e-10
1.179549988e+00 7.296469959e-10
1.196485836e+00 7.150544542e-10
1.213664846e+00 7.005694982e-10
1.231090511e+00 6.864222062e-10
1.248766371e+00 6.726015370e-10
1.266696019e+00 6.591045873e-10
1.284883100e+00 6.459206469e-10
1.303331308e+00 6.330472835e-10
1.322044394e+00 6.204741727e-10
1.341026160e+00 6.081991137e-10
1.360280464e+00 5.962121746e-10
1.379811220e+00 5.845113940e-10
1.399622395e+00 5.730872552e-10
1.419718018e+00 5.619381247e-10
1.440102171e+00 5.510549817e-10
1.460778997e+00 5.404362882e-10
1.481752699e+00 5.300735563e-10
1.503027540e+00 5.196830743e-10
1.524607842e+00 5.091370608e-10
1.546497991e+00 4.985505023e-10
1.568702437e+00 4.877868367e-10
1.591225692e+00 4.754884117e-10
1.614072333e+00 4.608396826e-10
1.637247004e+00 4.463450184e-10
1.660754414e+00 4.319239870e-10
1.684599341e+00 4.179342171e-10
1.708786630e+00 4.044272012e-10
1.733321198e+00 3.913231235e-10
1.758208031e+00 3.786724589e-10
1.783452186e+00 3.663983105e-10
1.809058794e+00 3.545500701e-10
1.835033059e+00 3.430536174e-10
1.861380259e+00 3.319571955e-10
1.888105749e+00 3.211895101e-10
1.915214961e+00 3.107976350e-10
1.942713404e+00 3.007127586e-10
1.970606667e+00 2.909806604e-10
1.998900418e+00 2.815354504e-10
2.027600407e+00 2.724216873e-10
2.056712468e+00 2.635758835e-10
2.086242517e+00 2.550412788e-10
2.116196554e+00 2.467570277e-10
2.146580669e+00 2.387650822e-10
2.177401035e+00 2.310069524e-10
2.208663916e+00 2.235232510e-10
2.240375667e+00 2.162579568e-10
2.272542731e+00 2.092503751e-10
2.305171646e+00 2.024468081e-10
2.338269044e+00 1.958852623e-10
2.371841650e+00 1.895142248e-10
2.405896289e+00 1.833703800e-10
2.440439879e+00 1.774044817e-10
2.475479443e+00 1.716519389e-10
2.511022101e+00 1.660655794e-10
2.547075077e+00 1.606795332e-10
2.583645697e+00 1.554486716e-10
2.620741394e+00 1.504058636e-10
2.658369707e+00 1.455079826e-10
2.696538283e+00 1.407866721e-10
2.735254880e+00 1.362006742e-10
2.774527364e+00 1.317804061e-10
2.814363719e+00 1.274865004e-10
2.854772040e+00 1.233482040e-10
2.895760539e+00 1.193279020e-10
2.937337546e+00 1.154536923e-10
2.979511511e+00 1.116896381e-10
3.022291006e+00 1.080626914e-10
3.065684723e+00 1.045386024e-10
3.109701483e+00 1.011432389e-10
3.154350230e+00 9.784388930e-11
3.199640040e+00 9.466533405e-11
3.245580115e+00 9.157644033e-11
3.292179792e+00 8.860097761e-11
3.339448543e+00 8.570920075e-11
3.387395973e+00 8.292385297e-11
3.436031827e+00 8.021663989e-11
3.485365989e+00 7.760934690e-11
3.535408486e+00 7.507497860e-11
3.586169487e+00 7.263436072e-11
3.637659309e+00 7.026182603e-11
3.689888416e+00 6.797730195e-11
3.742867423e+00 6.575632464e-11
3.796607097e+00 6.361793603e-11
3.851118358e+00 6.153886306e-11
3.906412287e+00 5.953729948e-11
3.962500119e+00 5.759110075e-11
4.019393254e+00 5.571764518e-11
4.077103255e+00 5.389586341e-11
4.135641849e+00 5.214234524e-11
4.195020934e+00 5.043705326e-11
4.255252577e+00 4.879581739e-11
4.316349020e+00 4.719959024e-11
4.378322678e+00 4.566347232e-11
4.441186147e+00 4.416935838e-11
4.504952203e+00 4.273164791e-11
4.569633805e+00 4.133313662e-11
4.635244098e+00 3.998755137e-11
4.701796417e+00 3.867854788e-11
4.769304286e+00 3.741920841e-11
4.837781425e+00 3.619400349e-11
4.907241752e+00 3.501539268e-11
4.977699382e+00 3.386863704e-11
5.049168636e+00 3.276560731e-11
5.121664036e+00 3.169229842e-11
5.195200318e+00 3.066000532e-11
5.269792425e+00 2.965544648e-11
5.345455518e+00 2.868937611e-11
5.422204973e+00 2.774918280e-11
5.500056388e+00 2.684509845e-11
5.579025585e+00 2.596515726e-11
5.659128612e+00 2.511909000e-11
5.740381751e+00 2.429555017e-11
5.822801512e+00 2.350379501e-11
5.906404648e+00 2.273305660e-11
5.991208148e+00 2.199213493e-11
6.077229247e+00 2.127081947e-11
6.164485427e+00 2.057747077e-11
6.252994422e+00 1.990241543e-11
6.342774219e+00 1.925360355e-11
6.433843065e+00 1.862185487e-11
6.526219467e+00 1.801471570e-11
6.619922199e+00 1.742349713e-11
6.714970304e+00 1.685537415e-11
6.811383100e+00 1.630210038e-11
6.909180180e+00 1.577048321e-11
7.008381419e+00 1.525271785e-11
7.109006979e+00 1.475526743e-11
7.211077309e+00 1.427073913e-11
7.314613153e+00 1.380527081e-11
7.419635554e+00 1.335185489e-11
7.526165855e+00 1.291631360e-11
7.634225706e+00 1.249201469e-11
7.743837068e+00 1.208448373e-11
7.855022218e+00 1.168743826e-11
7.967803752e+00 1.130611802e-11
8.082204590e+00 1.093457787e-11
8.198247983e+00 1.057778848e-11
8.315957515e+00 1.023012119e-11
8.435357106e+00 9.896291220e-12
8.556471024e+00 9.570967489e-12
8.679323882e+00 9.258615129e-12
8.803940647e+00 8.954197303e-12
8.930346646e+00 8.661951431e-12
9.058567568e+00 8.377104448e-12
9.188629472e+00 8.103669059e-12
9.320558790e+00 7.837133884e-12
9.454382335e+00 7.581301759e-12
9.590127303e+00 7.331905006e-12
9.727821283e+00 7.092548611e-12
9.867492257e+00 6.859192852e-12
1.000916861e+01 6.635250341e-12
1.015287914e+01 6.416903199e-12
1.029865305e+01 6.207382858e-12
1.044651996e+01 6.003080871e-12
1.059650993e+01 5.807060550e-12
1.074865344e+01 5.615905317e-12
1.090298141e+01 5.432511940e-12
1.105952520e+01 5.253655457e-12
1.121831663e+01 5.082079750e-12
1.137938797e+01 4.914734818e-12
1.154277196e+01 4.754220173e-12
1.170850179e+01 4.597649251e-12
1.187661115e+01 4.447478199e-12
1.204713421e+01 4.300984342e-12
1.222010562e+01 4.160492498e-12
1.239556054e+01 4.023429552e-12
1.257353462e+01 3.891997070e-12
1.275406403e+01 3.763761363e-12
1.293718546e+01 3.640804321e-12
1.312293612e+01 3.520827459e-12
1.331135378e+01 3.405799365e-12
1.350247671e+01 3.293549661e-12
1.369634377e+01 3.185940364e-12
1.389299435e+01 3.080921259e-12
1.409246841e+01 2.980253020e-12
1.429480650e+01 2.881999638e-12
1.450004974e+01 2.787826874e-12
1.470823984e+01 2.695905032e-12
1.491941911e+01 2.607807835e-12
1.513363047e+01 2.521808967e-12
1.535091745e+01 2.439396209e-12
1.557132421e+01 2.358939590e-12
1.579489555e+01 2.281846015e-12
1.602167690e+01 2.206575751e-12
1.625171435e+01 2.134457802e-12
1.648505466e+01 2.064039411e-12
1.672174524e+01 1.996576533e-12
1.696183419e+01 1.930697929e-12
1.720537032e+01 1.867590953e-12
1.745240311e+01 1.805960520e-12
1.770298277e+01 1.746927490e-12
1.795716022e+01 1.689270763e-12
1.821498713e+01 1.634049672e-12
1.847651588e+01 1.580111378e-12
1.874179964e+01 1.528456604e-12
1.901089231e+01 1.477997404e-12
1.928384858e+01 1.429678801e-12
1.956072393e+01 1.382474461e-12
1.984157463e+01 1.337276664e-12
2.012645775e+01 1.293117374e-12
2.041543118e+01 1.250839540e-12
2.070855367e+01 1.209529510e-12
2.100588478e+01 1.169982902e-12
2.130748493e+01 1.131338250e-12
2.161341543e+01 1.094346882e-12
2.192373844e+01 1.058196068e-12
2.223851703e+01 1.023595097e-12
2.255781518e+01 9.897774077e-13
2.288169778e+01 9.574123204e-13
2.321023065e+01 9.257771744e-13
2.354348055e+01 8.955039040e-13
2.388151522e+01 8.659108291e-13
2.422440336e+01 8.375944146e-13
2.457221464e+01 8.099118174e-13
2.492501976e+01 7.834256849e-13
2.528289042e+01 7.575301698e-13
2.564589934e+01 7.327563836e-13
2.601412031e+01 7.085329196e-13
2.638762815e+01 6.853609061e-13
2.676649877e+01 6.627016612e-13
2.715080918e+01 6.410278834e-13
2.754063748e+01 6.198318788e-13
2.793606288e+01 5.995595823e-13
2.833716576e+01 5.797324464e-13
2.874402763e+01 5.607712513e-13
2.915673117e+01 5.422248104e-13
2.957536027e+01 5.244898178e-13
3.000000000e+01 5.071412518e-13
