2.000000000e-02
2.028715777e-02
2.057843852e-02
2.087390145e-02
2.117360660e-02
2.147761489e-02
2.178598809e-02
2.209878888e-02
2.241608083e-02
2.273792842e-02
2.306439706e-02
2.339555311e-02
2.373146385e-02
2.407219756e-02
2.441782350e-02
2.476841188e-02
2.512403398e-02
2.548476206e-02
2.585066944e-02
2.622183047e-02
2.659832059e-02
2.698021631e-02
2.736759525e-02
2.776053614e-02
2.815911882e-02
2.856342431e-02
2.897353478e-02
2.938953356e-02
2.981150521e-02
3.023953548e-02
3.067371136e-02
3.111412109e-02
3.156085418e-02
3.201400141e-02
3.247365487e-02
3.293990799e-02
3.341285552e-02
3.389259358e-02
3.437921966e-02
3.487283267e-02
3.537353291e-02
3.588142216e-02
3.639660362e-02
3.691918200e-02
3.744926350e-02
3.798695586e-02
3.853236834e-02
3.908561179e-02
3.964679865e-02
4.021604296e-02
4.079346043e-02
4.137916839e-02
4.197328588e-02
4.257593364e-02
4.318723415e-02
4.380731165e-02
4.443629215e-02
4.507430348e-02
4.572147531e-02
4.637793916e-02
4.704382844e-02
4.771927849e-02
4.840442658e-02
4.909941194e-02
4.980437583e-02
5.051946151e-02
5.124481431e-02
5.198058164e-02
5.272691304e-02
5.348396018e-02
5.425187693e-02
5.503081933e-02
5.582094570e-02
5.662241662e-02
5.743539497e-02
5.826004598e-02
5.909653722e-02
5.994503872e-02
6.080572291e-02
6.167876471e-02
6.256434154e-02
6.346263338e-02
6.437382280e-02
6.529809498e-02
6.623563775e-02
6.718664166e-02
6.815129998e-02
6.912980875e-02
7.012236684e-02
7.112917597e-02
7.215044076e-02
7.318636875e-02
7.423717048e-02
7.530305950e-02
7.638425244e-02
7.748096903e-02
7.859343215e-02
7.972186789e-02
8.086650559e-02
8.202757787e-02
8.320532069e-02
8.439997341e-02
8.561177883e-02
8.684098321e-02
8.808783637e-02
8.935259172e-02
9.063550627e-02
9.193684078e-02
9.325685969e-02
9.459583129e-02
9.595402770e-02
9.733172494e-02
9.872920300e-02
1.001467459e-01
1.015846417e-01
1.030431827e-01
1.045226652e-01
1.060233900e-01
1.075456620e-01
1.090897907e-01
1.106560897e-01
1.122448775e-01
1.138564770e-01
1.154912156e-01
1.171494256e-01
1.188314440e-01
1.205376126e-01
1.222682783e-01
1.240237926e-01
1.258045124e-01
1.276107995e-01
1.294430212e-01
1.313015497e-01
1.331867627e-01
1.350990434e-01
1.370387804e-01
1.390063679e-01
1.410022059e-01
1.430266998e-01
1.450802613e-01
1.471633075e-01
1.492762619e-01
1.514195538e-01
1.535936189e-01
1.557988990e-01
1.580358422e-01
1.603049032e-01
1.626065432e-01
1.649412298e-01
1.673094376e-01
1.697116479e-01
1.721483488e-01
1.746200356e-01
1.771272106e-01
1.796703834e-01
1.822500707e-01
1.848667969e-01
1.875210938e-01
1.902135008e-01
1.929445650e-01
1.957148416e-01
1.985248935e-01
2.013752918e-01
2.042666158e-01
2.071994531e-01
2.101743998e-01
2.131920604e-01
2.162530483e-01
2.193579854e-01
2.225075029e-01
2.257022409e-01
2.289428485e-01
2.322299844e-01
2.355643167e-01
2.389465229e-01
2.423772904e-01
2.458573166e-01
2.493873085e-01
2.529679837e-01
2.566000699e-01
2.602843051e-01
2.640214381e-01
2.678122285e-01
2.716574467e-01
2.755578740e-01
2.795143033e-01
2.835275385e-01
2.875983953e-01
2.917277010e-01
2.959162949e-01
3.001650281e-01
3.044747641e-01
3.088463788e-01
3.132807607e-01
3.177788110e-01
3.223414438e-01
3.269695863e-01
3.316641792e-01
3.364261765e-01
3.412565461e-01
3.461562696e-01
3.511263427e-01
3.561677756e-01
3.612815929e-01
3.664688337e-01
3.717305524e-01
3.770678183e-01
3.824817160e-01
3.879733459e-01
3.935438239e-01
3.991942823e-01
4.049258694e-01
4.107397499e-01
4.166371054e-01
4.226191346e-01
4.286870530e-01
4.348420940e-01
4.410855083e-01
4.474185649e-01
4.538425508e-01
4.603587716e-01
4.669685516e-01
4.736732340e-01
4.804741815e-01
4.873727763e-01
4.943704203e-01
5.014685357e-01
5.086685651e-01
5.159719717e-01
5.233802398e-01
5.308948750e-01
5.385174044e-01
5.462493773e-01
5.540923650e-01
5.620479615e-01
5.701177835e-01
5.783034711e-01
5.866066879e-01
5.950291214e-01
6.035724832e-01
6.122385097e-01
6.210289620e-01
6.299456267e-01
6.389903158e-01
6.481648676e-01
6.574711465e-01
6.669110440e-01
6.764864785e-01
6.861993960e-01
6.960517704e-01
7.060456042e-01
7.161829283e-01
7.264658030e-01
7.368963181e-01
7.474765933e-01
7.582087790e-01
7.690950562e-01
7.801376373e-01
7.913387666e-01
8.027007204e-01
8.142258080e-01
8.259163714e-01
8.377747867e-01
8.498034637e-01
8.620048472e-01
8.743814167e-01
8.869356877e-01
8.996702115e-01
9.125875762e-01
9.256904069e-01
9.389813666e-01
9.524631565e-01
9.661385164e-01
9.800102256e-01
9.940811032e-01
1.008354009e+00
1.022831843e+00
1.037517549e+00
1.052414111e+00
1.067524555e+00
1.082851954e+00
1.098399421e+00
1.114170118e+00
1.130167248e+00
1.146394064e+00
1.162853862e+00
1.179549988e+00
1.196485836e+00
1.213664846e+00
1.231090511e+00
1.248766371e+00
1.266696019e+00
1.284883100e+00
1.303331308e+00
1.322044394e+00
1.341026160e+00
1.360280464e+00
1.379811220e+00
1.399622395e+00
1.419718018e+00
1.440102171e+00
1.460778997e+00
1.481752699e+00
1.503027540e+00
1.524607842e+00
1.546497991e+00
1.568702437e+00
1.591225692e+00
1.614072333e+00
1.637247004e+00
1.660754414e+00
1.684599341e+00
1.708786630e+00
1.733321198e+00
1.758208031e+00
1.783452186e+00
1.809058794e+00
1.835033059e+00
1.861380259e+00
1.888105749e+00
1.915214961e+00
1.942713404e+00
1.970606667e+00
1.998900418e+00
2.027600407e+00
2.056712468e+00
2.086242517e+00
2.116196554e+00
2.146580669e+00
2.177401035e+00
2.208663916e+00
2.240375667e+00
2.272542731e+00
2.305171646e+00
2.338269044e+00
2.371841650e+00
2.405896289e+00
2.440439879e+00
2.475479443e+00
2.511022101e+00
2.547075077e+00
2.583645697e+00
2.620741394e+00
2.658369707e+00
2.696538283e+00
2.735254880e+00
2.774527364e+00
2.814363719e+00
2.854772040e+00
2.895760539e+00
2.937337546e+00
2.979511511e+00
3.022291006e+00
3.065684723e+00
3.109701483e+00
3.154350230e+00
3.199640040e+00
3.245580115e+00
3.292179792e+00
3.339448543e+00
3.387395973e+00
3.436031827e+00
3.485365989e+00
3.535408486e+00
3.586169487e+00
3.637659309e+00
3.689888416e+00
3.742867423e+00
3.796607097e+00
3.851118358e+00
3.906412287e+00
3.962500119e+00
4.019393254e+00
4.077103255e+00
4.135641849e+00
4.195020934e+00
4.255252577e+00
4.316349020e+00
4.378322678e+00
4.441186147e+00
4.504952203e+00
4.569633805e+00
4.635244098e+00
4.701796417e+00
4.769304286e+00
4.837781425e+00
4.907241752e+00
4.977699382e+00
5.049168636e+00
5.121664036e+00
5.195200318e+00
5.269792425e+00
5.345455518e+00
5.422204973e+00
5.500056388e+00
5.579025585e+00
5.659128612e+00
5.740381751e+00
5.822801512e+00
5.906404648e+00
5.991208148e+00
6.077229247e+00
6.164485427e+00
6.252994422e+00
6.342774219e+00
6.433843065e+00
6.526219467e+00
6.619922199e+00
6.714970304e+00
6.811383100e+00
6.909180180e+00
7.008381419e+00
7.109006979e+00
7.211077309e+00
7.314613153e+00
7.419635554e+00
7.526165855e+00
7.634225706e+00
7.743837068e+00
7.855022218e+00
7.967803752e+00
8.082204590e+00
8.198247983e+00
8.315957515e+00
8.435357106e+00
8.556471024e+00
8.679323882e+00
8.803940647e+00
8.930346646e+00
9.058567568e+00
9.188629472e+00
9.320558790e+00
9.454382335e+00
9.590127303e+00
9.727821283e+00
9.867492257e+00
1.000916861e+01
1.015287914e+01
1.029865305e+01
1.044651996e+01
1.059650993e+01
1.074865344e+01
1.090298141e+01
1.105952520e+01
1.121831663e+01
1.137938797e+01
1.154277196e+01
1.170850179e+01
1.187661115e+01
1.204713421e+01
1.222010562e+01
1.239556054e+01
1.257353462e+01
1.275406403e+01
1.293718546e+01
1.312293612e+01
1.331135378e+01
1.350247671e+01
1.369634377e+01
1.389299435e+01
1.409246841e+01
1.429480650e+01
1.450004974e+01
1.470823984e+01
1.491941911e+01
1.513363047e+01
1.535091745e+01
1.557132421e+01
1.579489555e+01
1.602167690e+01
1.625171435e+01
1.648505466e+01
1.672174524e+01
1.696183419e+01
1.720537032e+01
1.745240311e+01
1.770298277e+01
1.795716022e+01
1.821498713e+01
1.847651588e+01
1.874179964e+01
1.901089231e+01
1.928384858e+01
1.956072393e+01
1.984157463e+01
2.012645775e+01
2.041543118e+01
2.070855367e+01
2.100588478e+01
2.130748493e+01
2.161341543e+01
2.192373844e+01
2.223851703e+01
2.255781518e+01
2.288169778e+01
2.321023065e+01
2.354348055e+01
2.388151522e+01
2.422440336e+01
2.457221464e+01
2.492501976e+01
2.528289042e+01
2.564589934e+01
2.601412031e+01
2.638762815e+01
2.676649877e+01
2.715080918e+01
2.754063748e+01
2.793606288e+01
2.833716576e+01
2.874402763e+01
2.915673117e+01
2.957536027e+01
3.000000000e+01
