2.107132000e+07 2.246802000e+03
2.092325226e+07 2.181320733e+03
2.077305858e+07 2.114899294e+03
2.062698722e+07 2.055334990e+03
2.047884328e+07 1.994946196e+03
2.033478386e+07 1.940317459e+03
2.018870520e+07 1.884956813e+03
2.004674611e+07 1.834501903e+03
1.990282308e+07 1.783390685e+03
1.976291251e+07 1.736514152e+03
1.962109021e+07 1.689043928e+03
1.948310666e+07 1.644547377e+03
1.934325983e+07 1.599485285e+03
1.920723850e+07 1.557202142e+03
1.906940512e+07 1.514394666e+03
1.893530319e+07 1.474597098e+03
1.879943745e+07 1.434330703e+03
1.866722378e+07 1.396769537e+03
1.853329384e+07 1.358775753e+03
1.840294494e+07 1.323234379e+03
1.827092651e+07 1.287292735e+03
1.814242088e+07 1.253587831e+03
1.801229165e+07 1.219511725e+03
1.788559421e+07 1.187492776e+03
1.775731727e+07 1.155129216e+03
1.763240651e+07 1.124665365e+03
1.750596022e+07 1.093881215e+03
1.738281094e+07 1.064862279e+03
1.725816900e+07 1.035545635e+03
1.713675609e+07 1.007867352e+03
1.701389243e+07 9.799116743e+02
1.689419010e+07 9.534896531e+02
1.677307781e+07 9.268095472e+02
1.665504880e+07 9.015856889e+02
1.653564897e+07 8.761231806e+02
1.641929292e+07 8.520362116e+02
1.630160708e+07 8.277281296e+02
1.618691057e+07 8.047228876e+02
1.607092361e+07 7.815131455e+02
1.595782605e+07 7.595402602e+02
1.584347237e+07 7.373786489e+02
1.573196889e+07 7.163937922e+02
1.561924785e+07 6.952352277e+02
1.550931614e+07 6.751983403e+02
1.539820272e+07 6.550020533e+02
1.528981820e+07 6.358762919e+02
1.518028696e+07 6.166047464e+02
1.507340296e+07 5.984025420e+02
1.496540384e+07 5.800728070e+02
1.486006981e+07 5.628203440e+02
1.475366262e+07 5.454598265e+02
1.464979492e+07 5.290222087e+02
1.454487922e+07 5.124763420e+02
1.444244658e+07 4.968143326e+02
1.433899742e+07 4.810551227e+02
1.423806294e+07 4.661423382e+02
1.413615426e+07 4.511428236e+02
1.403658588e+07 4.369543121e+02
1.393605833e+07 4.226890240e+02
1.383794878e+07 4.092005244e+02
1.373892740e+07 3.956446559e+02
1.364200135e+07 3.828325113e+02
1.354415387e+07 3.699618703e+02
1.344996692e+07 3.585712735e+02
1.335513056e+07 3.472481533e+02
1.326121800e+07 3.315913235e+02
1.316628591e+07 3.151095215e+02
1.307353305e+07 3.002908984e+02
1.297997638e+07 2.855426551e+02
1.288852930e+07 2.721390932e+02
1.279630184e+07 2.587831667e+02
1.270614196e+07 2.466370742e+02
1.261522857e+07 2.345401514e+02
1.252633771e+07 2.235321040e+02
1.243671900e+07 2.125740747e+02
1.234908084e+07 2.025960149e+02
1.226074035e+07 1.926682170e+02
1.217433677e+07 1.836228879e+02
1.208725531e+07 1.746276298e+02
1.200206680e+07 1.664270605e+02
1.191622411e+07 1.582759665e+02
1.183223481e+07 1.508405957e+02
1.174761515e+07 1.434537891e+02
1.166481025e+07 1.367115986e+02
1.158139835e+07 1.300167842e+02
1.149975994e+07 1.238998751e+02
1.141753666e+07 1.178283680e+02
1.133704423e+07 1.122808815e+02
1.125598808e+07 1.067780175e+02
1.117663091e+07 1.017474302e+02
1.109673274e+07 9.675984806e+01
1.101849267e+07 9.219790431e+01
1.093973179e+07 8.767726765e+01
1.086258914e+07 8.354025032e+01
1.078494536e+07 7.944278549e+01
1.070889295e+07 7.569112642e+01
1.063236149e+07 7.197724516e+01
1.055737816e+07 6.857505101e+01
1.048193343e+07 6.520884370e+01
1.040800677e+07 6.212361323e+01
1.033363884e+07 5.907259347e+01
1.026075124e+07 5.627486858e+01
1.018744001e+07 5.350959974e+01
1.011558368e+07 5.097284490e+01
1.004332391e+07 4.846687060e+01
9.972477046e+06 4.616670930e+01
9.901242044e+06 4.389559594e+01
9.831391988e+06 4.180999586e+01
9.761172139e+06 3.975180541e+01
9.692305737e+06 3.786084669e+01
9.623086398e+06 3.599571856e+01
9.555189999e+06 3.428133585e+01
9.486957220e+06 3.259126124e+01
9.420016844e+06 3.103705455e+01
9.352756088e+06 2.950569147e+01
9.286758499e+06 2.809679477e+01
9.220456320e+06 2.670934153e+01
9.155388299e+06 2.543227304e+01
9.090030991e+06 2.417531157e+01
9.025877618e+06 2.301780037e+01
8.961449367e+06 2.187911277e+01
8.898200843e+06 2.083041521e+01
8.834693056e+06 1.979944236e+01
8.772335664e+06 1.884925737e+01
8.709732689e+06 1.791554695e+01
8.648252823e+06 1.705454025e+01
8.586541065e+06 1.620888843e+01
8.525928288e+06 1.542876468e+01
8.465097769e+06 1.466297201e+01
8.405337565e+06 1.395618133e+01
8.345371875e+06 1.326274213e+01
8.286454212e+06 1.262247272e+01
8.227344844e+06 1.199464412e+01
8.169256898e+06 1.141469192e+01
8.110989170e+06 1.084631543e+01
8.053719549e+06 1.032105557e+01
7.996282636e+06 9.806559745e+00
7.939819427e+06 9.330892946e+00
7.883200585e+06 8.865230797e+00
7.827527493e+06 8.434657247e+00
7.771708582e+06 8.013425129e+00
7.716828560e+06 7.623695091e+00
7.661820254e+06 7.242602836e+00
7.607712380e+06 6.889805902e+00
7.553480931e+06 6.544994990e+00
7.500133854e+06 6.225649748e+00
7.446676196e+06 5.913706041e+00
7.394080536e+06 5.624672762e+00
7.341384411e+06 5.342493718e+00
7.289529530e+06 5.080932868e+00
7.237584411e+06 4.825718297e+00
7.186460576e+06 4.589051136e+00
7.135256666e+06 4.358254934e+00
7.084853595e+06 4.144140629e+00
7.034379988e+06 3.935454632e+00
6.984693554e+06 3.741771979e+00
6.934948684e+06 3.553106074e+00
6.885964990e+06 3.377604827e+00
6.836929116e+06 3.206588997e+00
6.788629980e+06 3.047488723e+00
6.740284986e+06 2.892563686e+00
6.692663830e+06 2.748632575e+00
6.645008092e+06 2.608686374e+00
6.598057744e+06 2.478618135e+00
6.551081116e+06 2.352224109e+00
6.504792324e+06 2.234702774e+00
6.458485574e+06 2.120567075e+00
6.412849763e+06 2.014402145e+00
6.367204165e+06 1.911356130e+00
6.320861094e+06 1.815465299e+00
6.273831926e+06 1.722444931e+00
6.225548020e+06 1.649282808e+00
6.176280747e+06 1.585680427e+00
6.130905240e+06 1.556270697e+00
6.087221452e+06 1.544324790e+00
6.044154629e+06 1.532149586e+00
6.001114556e+06 1.519769613e+00
5.958638540e+06 1.506929120e+00
5.916176254e+06 1.493755084e+00
5.874287170e+06 1.480731328e+00
5.832431522e+06 1.467702758e+00
5.791133192e+06 1.454816449e+00
5.749874399e+06 1.441924952e+00
5.709158516e+06 1.429167889e+00
5.668488646e+06 1.416405145e+00
5.628347511e+06 1.403769042e+00
5.588258658e+06 1.391126588e+00
5.548683985e+06 1.378603020e+00
5.509167323e+06 1.366072261e+00
5.470148376e+06 1.353651520e+00
5.431191657e+06 1.341221886e+00
5.392717394e+06 1.328894892e+00
5.354309854e+06 1.316557967e+00
5.316354949e+06 1.304513361e+00
5.278461871e+06 1.292579514e+00
5.241050121e+06 1.281293618e+00
5.203731260e+06 1.270349092e+00
5.166860440e+06 1.259507463e+00
5.130074820e+06 1.248672610e+00
5.093723965e+06 1.237934058e+00
5.057462723e+06 1.227201278e+00
5.021624354e+06 1.216559202e+00
4.985880573e+06 1.205922380e+00
4.950546173e+06 1.195370332e+00
4.915309897e+06 1.184822637e+00
4.880476630e+06 1.174353428e+00
4.845749546e+06 1.163887280e+00
4.811408389e+06 1.153493757e+00
4.777173898e+06 1.143102134e+00
4.743311678e+06 1.132776755e+00
4.709558528e+06 1.122451592e+00
4.676148920e+06 1.112269278e+00
4.642839594e+06 1.102144626e+00
4.609906160e+06 1.092609295e+00
4.577107769e+06 1.083459939e+00
4.544653425e+06 1.074379534e+00
4.512322524e+06 1.065313633e+00
4.480325945e+06 1.056311992e+00
4.448456844e+06 1.047324001e+00
4.416911532e+06 1.038395414e+00
4.385496822e+06 1.029479369e+00
4.354396527e+06 1.020618752e+00
4.323430552e+06 1.011770118e+00
4.292769061e+06 1.002972024e+00
4.262244884e+06 9.941845297e-01
4.232015832e+06 9.854428595e-01
4.201927254e+06 9.767104095e-01
4.172124813e+06 9.680190068e-01
4.142466007e+06 9.593352649e-01
4.113059129e+06 9.506906378e-01
4.083778034e+06 9.420543281e-01
4.054785470e+06 9.339467416e-01
4.025958980e+06 9.262589120e-01
3.997392130e+06 9.186156806e-01
3.968977181e+06 9.109920396e-01
3.940812987e+06 9.034095362e-01
3.912802867e+06 8.958458352e-01
3.885035877e+06 8.883198661e-01
3.857425924e+06 8.808118563e-01
3.830050717e+06 8.733380729e-01
3.802834618e+06 8.658812292e-01
3.775845548e+06 8.584550195e-01
3.749017975e+06 8.510445509e-01
3.722409592e+06 8.436610276e-01
3.695964746e+06 8.362918638e-01
3.669731944e+06 8.289459886e-01
3.643665080e+06 8.216130142e-01
3.617784253e+06 8.142993185e-01
3.592053712e+06 8.069966365e-01
3.566532622e+06 8.000638239e-01
3.541192796e+06 7.934806099e-01
3.516045324e+06 7.869732275e-01
3.491071288e+06 7.805361248e-01
3.466280207e+06 7.741236137e-01
3.441661801e+06 7.677332584e-01
3.417220285e+06 7.613649062e-01
3.392953704e+06 7.550179088e-01
3.368857080e+06 7.486901287e-01
3.344936568e+06 7.423826322e-01
3.321179854e+06 7.360915995e-01
3.297600969e+06 7.298197309e-01
3.274179573e+06 7.235614840e-01
3.250937337e+06 7.173211109e-01
3.227846319e+06 7.110914160e-01
3.204935610e+06 7.048781190e-01
3.182157596e+06 6.986724228e-01
3.159547486e+06 6.924814204e-01
3.137082921e+06 6.865376317e-01
3.114807853e+06 6.808745303e-01
3.092669749e+06 6.753059655e-01
3.070719096e+06 6.698519735e-01
3.048897093e+06 6.644107720e-01
3.027260472e+06 6.589938105e-01
3.005746319e+06 6.535875266e-01
2.984417648e+06 6.482045834e-01
2.963206670e+06 6.428301901e-01
2.942182688e+06 6.374781594e-01
2.921271065e+06 6.321326111e-01
2.900547040e+06 6.268084494e-01
2.879930428e+06 6.214884043e-01
2.859502374e+06 6.161883709e-01
2.839176726e+06 6.108902183e-01
2.819040240e+06 6.056107799e-01
2.798992747e+06 6.003307467e-01
2.779124347e+06 5.950677774e-01
2.759350353e+06 5.899620742e-01
2.739768741e+06 5.850751477e-01
2.720279966e+06 5.802900843e-01
2.700987981e+06 5.756555507e-01
2.681779503e+06 5.710252986e-01
2.662762024e+06 5.664202718e-01
2.643824121e+06 5.618179435e-01
2.625078198e+06 5.572400656e-01
2.606407557e+06 5.526631965e-01
2.587929263e+06 5.481098236e-01
2.569522089e+06 5.435557476e-01
2.551307588e+06 5.390241297e-01
2.533159939e+06 5.344900519e-01
2.515204971e+06 5.299772848e-01
2.497313306e+06 5.254602523e-01
2.479615108e+06 5.209632583e-01
2.461966138e+06 5.164601078e-01
2.444496110e+06 5.119755542e-01
2.427078862e+06 5.076666588e-01
2.409851300e+06 5.036435885e-01
2.392617443e+06 4.998117657e-01
2.375490948e+06 4.962914356e-01
2.358457728e+06 4.940169719e-01
2.341687380e+06 4.936493747e-01
2.324970453e+06 4.934833897e-01
2.308460903e+06 4.936296352e-01
2.291992782e+06 4.937785429e-01
2.275718615e+06 4.939304577e-01
2.259482292e+06 4.940849909e-01
2.243439449e+06 4.942424300e-01
2.227431321e+06 4.944024805e-01
2.211616691e+06 4.945653895e-01
2.195833814e+06 4.947308882e-01
2.180244589e+06 4.948991699e-01
2.164683978e+06 4.950700364e-01
2.149316678e+06 4.952436346e-01
2.133974804e+06 4.954198007e-01
2.118825731e+06 4.955986229e-01
2.103699554e+06 4.957799933e-01
2.088766554e+06 4.959639350e-01
2.073853384e+06 4.961504459e-01
2.059132687e+06 4.963395099e-01
2.044429251e+06 4.965311083e-01
2.029918245e+06 4.967251395e-01
2.015421757e+06 4.969217102e-01
2.001117235e+06 4.971206608e-01
1.986824597e+06 4.973221741e-01
1.972723495e+06 4.975260442e-01
1.958631992e+06 4.977324478e-01
1.944732071e+06 4.979410836e-01
1.930838898e+06 4.981522632e-01
1.917136180e+06 4.983656213e-01
1.903438023e+06 4.985815312e-01
1.889930245e+06 4.987995576e-01
1.876425009e+06 4.990201624e-01
1.863110261e+06 4.992428549e-01
1.849795312e+06 4.994680889e-01
1.836669387e+06 4.996952511e-01
1.823541373e+06 4.999249992e-01
1.810602467e+06 5.001566769e-01
1.797659197e+06 5.003909550e-01
1.784904201e+06 5.006270996e-01
1.772142947e+06 5.008658282e-01
1.759569789e+06 5.011062911e-01
1.746988223e+06 5.013493701e-01
1.734593861e+06 5.015941515e-01
1.722189249e+06 5.018415646e-01
1.709971442e+06 5.020906090e-01
1.697741394e+06 5.023423053e-01
1.685697326e+06 5.025955687e-01
1.673639212e+06 5.028514875e-01
1.661766493e+06 5.031088674e-01
1.649877961e+06 5.033689526e-01
1.638174175e+06 5.036304964e-01
1.626452948e+06 5.038947378e-01
1.614916028e+06 5.041602969e-01
1.603359781e+06 5.044285766e-01
1.591986648e+06 5.046981027e-01
1.580592664e+06 5.049704015e-01
1.569381322e+06 5.052439436e-01
1.558147668e+06 5.055202539e-01
1.547096189e+06 5.057976603e-01
1.536020649e+06 5.060778749e-01
1.525125959e+06 5.063591469e-01
1.514206100e+06 5.066432530e-01
1.503467270e+06 5.069283384e-01
1.492701468e+06 5.072162857e-01
1.482114929e+06 5.075051361e-01
1.471500095e+06 5.077968897e-01
1.461063899e+06 5.080895031e-01
1.450598343e+06 5.083850232e-01
1.440311386e+06 5.086812525e-01
1.429993440e+06 5.089804570e-01
1.419852323e+06 5.092803985e-01
1.409679225e+06 5.095833210e-01
1.399682879e+06 5.098868268e-01
1.389653088e+06 5.101933584e-01
1.379798465e+06 5.105004296e-01
1.369909404e+06 5.108105580e-01
1.360195169e+06 5.111211391e-01
1.350445308e+06 5.114348249e-01
1.340869254e+06 5.117489218e-01
1.331256511e+06 5.120661449e-01
1.321816773e+06 5.123836535e-01
1.312339255e+06 5.127043360e-01
1.303033741e+06 5.130252586e-01
1.293689550e+06 5.133494025e-01
1.284516835e+06 5.136737361e-01
1.275304303e+06 5.140013171e-01
1.266261813e+06 5.143289644e-01
1.257178647e+06 5.146598967e-01
1.248264889e+06 5.149908073e-01
1.239309529e+06 5.153250629e-01
1.230522581e+06 5.156592830e-01
1.221693084e+06 5.159968779e-01
1.213030820e+06 5.163343125e-01
1.204325354e+06 5.166751826e-01
1.195786857e+06 5.170158776e-01
1.187204190e+06 5.173600282e-01
1.178786946e+06 5.177038346e-01
1.170324795e+06 5.180511591e-01
1.162027279e+06 5.183981272e-01
1.153684153e+06 5.187486559e-01
1.145504873e+06 5.190987350e-01
1.137279103e+06 5.194524180e-01
1.129215557e+06 5.198055584e-01
1.121105054e+06 5.201623566e-01
1.113156707e+06 5.205185590e-01
1.105160692e+06 5.208784633e-01
1.097325611e+06 5.212376747e-01
1.089442143e+06 5.216006342e-01
1.081718250e+06 5.219628081e-01
1.073945482e+06 5.223287942e-01
1.066331809e+06 5.226939783e-01
1.058668615e+06 5.230630125e-01
1.051163192e+06 5.234311055e-01
1.043607698e+06 5.238031143e-01
1.036208980e+06 5.241741678e-01
1.028759584e+06 5.245491682e-01
1.021465583e+06 5.249230323e-01
1.014120572e+06 5.253009173e-01
1.006930774e+06 5.256776913e-01
9.996894589e+05 5.260585279e-01
9.926021688e+05 5.264381119e-01
9.854628334e+05 5.268218088e-01
9.784761100e+05 5.272041524e-01
9.714369626e+05 5.275906836e-01
9.645496827e+05 5.279758870e-01
9.576095672e+05 5.283653144e-01
9.508202573e+05 5.287532267e-01
9.439777381e+05 5.291454297e-01
9.372850590e+05 5.295360966e-01
9.305387839e+05 5.299311090e-01
9.239412237e+05 5.303244900e-01
9.172897468e+05 5.307222691e-01
9.107860772e+05 5.311183070e-01
9.042281488e+05 5.315188123e-01
8.978168806e+05 5.319175648e-01
8.913510806e+05 5.323208321e-01
8.850310456e+05 5.327221917e-01
8.786562247e+05 5.331281264e-01
8.724262889e+05 5.335320817e-01
8.661412466e+05 5.339406844e-01
8.599997550e+05 5.343473077e-01
8.538029248e+05 5.347586230e-01
8.477487021e+05 5.351677605e-01
8.416389403e+05 5.355816640e-01
8.356708852e+05 5.359934080e-01
8.296470950e+05 5.364099754e-01
8.237640231e+05 5.368242679e-01
8.178250073e+05 5.372434443e-01
8.120255865e+05 5.376602478e-01
8.061700410e+05 5.380819948e-01
8.004530271e+05 5.385012594e-01
7.946797374e+05 5.389255425e-01
7.890439996e+05 5.393473656e-01
7.833518701e+05 5.397742572e-01
7.777964696e+05 5.401984775e-01
7.721845160e+05 5.406278388e-01
7.667080150e+05 5.410545238e-01
7.611748508e+05 5.414864161e-01
7.557761398e+05 5.419155625e-01
7.503206970e+05 5.423499733e-01
7.449989283e+05 5.427814694e-01
7.396203223e+05 5.432183062e-01
7.343741509e+05 5.436522586e-01
7.290710731e+05 5.440916126e-01
7.238994564e+05 5.445279296e-01
7.186708974e+05 5.449697146e-01
7.135729571e+05 5.454083772e-01
7.084180115e+05 5.458525743e-01
7.033924813e+05 5.462935512e-01
6.983099217e+05 5.467401377e-01
6.933558322e+05 5.471835210e-01
6.883447000e+05 5.476325736e-01
6.834610548e+05 5.480782094e-01
6.785203628e+05 5.485295873e-01
6.737062002e+05 5.489775305e-01
6.688349947e+05 5.494312860e-01
6.640892735e+05 5.498815357e-01
6.592865297e+05 5.503376653e-01
6.546083135e+05 5.507901655e-01
6.498730967e+05 5.512486173e-01
6.452613607e+05 5.517033800e-01
6.405926669e+05 5.521641627e-01
6.360464959e+05 5.526211298e-01
6.314434190e+05 5.530841901e-01
6.269619078e+05 5.535434065e-01
6.224235446e+05 5.540087890e-01
6.180057154e+05 5.544702674e-01
6.135311082e+05 5.549379810e-01
6.091761266e+05 5.554016102e-01
6.047644430e+05 5.558715471e-01
6.004713522e+05 5.563373329e-01
5.961216473e+05 5.568095007e-01
5.918895720e+05 5.572774954e-01
5.876009843e+05 5.577519443e-01
5.834291373e+05 5.582220856e-01
5.792008784e+05 5.586987553e-01
5.750882580e+05 5.591710545e-01
5.709193405e+05 5.596499565e-01
5.668652250e+05 5.601244101e-01
5.627549338e+05 5.606055408e-01
5.587584103e+05 5.610821008e-01
5.547058424e+05 5.615654127e-01
5.507661550e+05 5.620440737e-01
5.467705601e+05 5.625295618e-01
5.428868609e+05 5.630103295e-01
5.389474000e+05 5.634980000e-01
