2.000000000e-02 1.917205416e-09
2.058000000e-02 1.891985481e-09
2.117600000e-02 1.864982769e-09
2.179000000e-02 1.836619543e-09
2.242100000e-02 1.807587127e-09
2.307100000e-02 1.778100148e-09
2.373900000e-02 1.751092217e-09
2.442700000e-02 1.726135078e-09
2.513500000e-02 1.701578622e-09
2.586400000e-02 1.677549928e-09
2.661300000e-02 1.654339842e-09
2.738400000e-02 1.631922857e-09
2.817800000e-02 1.610359298e-09
2.899500000e-02 1.589781044e-09
2.983500000e-02 1.570301756e-09
3.069900000e-02 1.551988991e-09
3.158900000e-02 1.534803031e-09
3.250400000e-02 1.518837662e-09
3.344600000e-02 1.504027908e-09
3.441600000e-02 1.490385536e-09
3.541300000e-02 1.478047179e-09
3.643900000e-02 1.466951280e-09
3.749500000e-02 1.457106106e-09
3.858200000e-02 1.448521238e-09
3.970000000e-02 1.440878878e-09
4.085000000e-02 1.433652665e-09
4.203400000e-02 1.427678003e-09
4.325200000e-02 1.423019122e-09
4.450600000e-02 1.419642991e-09
4.579500000e-02 1.417664967e-09
4.712200000e-02 1.417010470e-09
4.848800000e-02 1.417710183e-09
4.989300000e-02 1.413495469e-09
5.133900000e-02 1.455066198e-09
5.282700000e-02 1.495368056e-09
5.435800000e-02 1.536814618e-09
5.593300000e-02 1.579461404e-09
5.755400000e-02 1.623325582e-09
5.922200000e-02 1.668468483e-09
6.093800000e-02 1.714956061e-09
6.270400000e-02 1.762813639e-09
6.452100000e-02 1.812115817e-09
6.639100000e-02 1.862903359e-09
6.831500000e-02 1.915437315e-09
7.029400000e-02 1.969630304e-09
7.233100000e-02 2.025489074e-09
7.442800000e-02 2.083064628e-09
7.658400000e-02 2.142541432e-09
7.880400000e-02 2.203853285e-09
8.108700000e-02 2.267195175e-09
8.343700000e-02 2.332555894e-09
8.585500000e-02 2.400052716e-09
8.834300000e-02 2.469732064e-09
9.090300000e-02 2.541716289e-09
9.353800000e-02 2.616061344e-09
9.624800000e-02 2.692951758e-09
9.903800000e-02 2.772369815e-09
1.019080000e-01 2.854516269e-09
1.048610000e-01 2.939472115e-09
1.079000000e-01 3.027323764e-09
1.110260000e-01 3.118252953e-09
1.142440000e-01 3.212069456e-09
1.175550000e-01 3.309099814e-09
1.209610000e-01 3.409562504e-09
1.244670000e-01 3.513502403e-09
1.280740000e-01 3.621143319e-09
1.317850000e-01 3.732633331e-09
1.356040000e-01 3.848090059e-09
1.395340000e-01 3.967682285e-09
1.435770000e-01 4.091634113e-09
1.477380000e-01 4.219764561e-09
1.520190000e-01 4.352421420e-09
1.564250000e-01 4.489880845e-09
1.609580000e-01 4.632415947e-09
1.656220000e-01 4.780228601e-09
1.704220000e-01 4.933485211e-09
1.753610000e-01 5.092460971e-09
1.804420000e-01 5.257443757e-09
1.856720000e-01 5.428561960e-09
1.910520000e-01 5.608743509e-09
1.965890000e-01 5.798309058e-09
2.022860000e-01 5.995476678e-09
2.081480000e-01 6.200593006e-09
2.141800000e-01 6.414016861e-09
2.203860000e-01 6.636190685e-09
2.267730000e-01 6.867435654e-09
2.333450000e-01 6.946193935e-09
2.401070000e-01 6.650624692e-09
2.470650000e-01 6.375675142e-09
2.542250000e-01 6.124575549e-09
2.615920000e-01 5.884637033e-09
2.691730000e-01 5.655385312e-09
2.769730000e-01 5.436442988e-09
2.850000000e-01 5.227361077e-09
2.932590000e-01 5.027805218e-09
3.017570000e-01 4.837412437e-09
3.105020000e-01 4.655820203e-09
3.195000000e-01 4.479389909e-09
3.287590000e-01 4.301901249e-09
3.382860000e-01 4.132364845e-09
3.480890000e-01 3.970453538e-09
3.581770000e-01 3.815848408e-09
3.685560000e-01 3.668303979e-09
3.792370000e-01 3.527502203e-09
3.902270000e-01 3.393213323e-09
4.015350000e-01 3.265193064e-09
4.131710000e-01 3.141984275e-09
4.251450000e-01 3.016847157e-09
4.374650000e-01 2.897357395e-09
4.501430000e-01 2.783268546e-09
4.631870000e-01 2.674383908e-09
4.766100000e-01 2.570475336e-09
4.904220000e-01 2.471356239e-09
5.046340000e-01 2.376845915e-09
5.192580000e-01 2.286766060e-09
5.343060000e-01 2.200914124e-09
5.497890000e-01 2.112884339e-09
5.657220000e-01 2.028832551e-09
5.821160000e-01 1.948609785e-09
5.989850000e-01 1.872056717e-09
6.163430000e-01 1.799024501e-09
6.342050000e-01 1.729369614e-09
6.525830000e-01 1.662971139e-09
6.714950000e-01 1.599695247e-09
6.909540000e-01 1.539433704e-09
7.109770000e-01 1.478156738e-09
7.315810000e-01 1.419138658e-09
7.527820000e-01 1.362816313e-09
7.745970000e-01 1.309079623e-09
7.970440000e-01 1.257825762e-09
8.201420000e-01 1.208953153e-09
8.439090000e-01 1.162369444e-09
8.683640000e-01 1.117988693e-09
8.935290000e-01 1.075722586e-09
9.194230000e-01 1.033153712e-09
9.460670000e-01 9.917697555e-10
9.734830000e-01 9.522822053e-10
1.001694000e+00 9.146132661e-10
1.030722000e+00 8.786890279e-10
1.060592000e+00 8.444383106e-10
1.091327000e+00 8.117970898e-10
1.122953000e+00 7.807012099e-10
1.155495000e+00 7.510935499e-10
1.188980000e+00 7.215606630e-10
1.223436000e+00 6.925750080e-10
1.258890000e+00 6.649218519e-10
1.295372000e+00 6.385450027e-10
1.332911000e+00 6.133930198e-10
1.371538000e+00 5.894161224e-10
1.411284000e+00 5.665676778e-10
1.452182000e+00 5.448035589e-10
1.494265000e+00 5.240826303e-10
1.537567000e+00 5.029955750e-10
1.582125000e+00 4.814729072e-10
1.627974000e+00 4.521798425e-10
1.675151000e+00 4.233456585e-10
1.723696000e+00 3.963408587e-10
1.773647000e+00 3.710507568e-10
1.825046000e+00 3.473666132e-10
1.877934000e+00 3.251874383e-10
1.932356000e+00 3.044177691e-10
1.988354000e+00 2.849688282e-10
2.045975000e+00 2.667570838e-10
2.105265000e+00 2.497043469e-10
2.166274000e+00 2.337370331e-10
2.229051000e+00 2.187864397e-10
2.293647000e+00 2.047882697e-10
2.360116000e+00 1.916820142e-10
2.428510000e+00 1.794113678e-10
2.498886000e+00 1.679232255e-10
2.571302000e+00 1.571678391e-10
2.645816000e+00 1.470988060e-10
2.722490000e+00 1.376724429e-10
2.801386000e+00 1.288478852e-10
2.882568000e+00 1.205869991e-10
2.966102000e+00 1.128540023e-10
3.052058000e+00 1.056150655e-10
3.140504000e+00 9.883899595e-11
3.231513000e+00 9.249615838e-11
3.325160000e+00 8.655906462e-11
3.421521000e+00 8.100178640e-11
3.520674000e+00 7.580023294e-11
3.622700000e+00 7.093163307e-11
3.727683000e+00 6.637478831e-11
3.835708000e+00 6.210981331e-11
3.946864000e+00 5.811805791e-11
4.061241000e+00 5.438211941e-11
4.178933000e+00 5.088564144e-11
4.300035000e+00 4.761335065e-11
4.424647000e+00 4.455089369e-11
4.552870000e+00 4.168487585e-11
4.684808000e+00 3.900275279e-11
4.820571000e+00 3.649272921e-11
4.960267000e+00 3.414383259e-11
5.104012000e+00 3.194574246e-11
5.251922000e+00 2.988880021e-11
5.404119000e+00 2.796397015e-11
5.560726000e+00 2.616280454e-11
5.721871000e+00 2.447737220e-11
5.887687000e+00 2.290025877e-11
6.058307000e+00 2.142453920e-11
6.233872000e+00 2.004368666e-11
6.414525000e+00 1.875164172e-11
6.600413000e+00 1.754268922e-11
6.791688000e+00 1.641152363e-11
6.988506000e+00 1.535313441e-11
7.191027000e+00 1.436285560e-11
7.399418000e+00 1.343631873e-11
7.613847000e+00 1.256943180e-11
7.834490000e+00 1.175836537e-11
8.061528000e+00 1.099952563e-11
8.295145000e+00 1.028956546e-11
8.535532000e+00 9.625348610e-12
8.782885000e+00 9.003919548e-12
9.037406000e+00 8.422542861e-12
9.299303000e+00 7.878633084e-12
9.568789000e+00 7.369784063e-12
9.846085000e+00 6.893745284e-12
1.013141700e+01 6.448398495e-12
1.042501800e+01 6.031770146e-12
1.072712700e+01 5.642019471e-12
1.103799100e+01 5.277408535e-12
1.135786300e+01 4.936321886e-12
1.168700500e+01 4.617247900e-12
1.202568600e+01 4.318763139e-12
1.237418100e+01 4.039542823e-12
1.273277500e+01 3.778349757e-12
1.310176100e+01 3.534018718e-12
1.348144000e+01 3.305463826e-12
1.387212100e+01 3.091668938e-12
1.427412500e+01 2.891681391e-12
1.468777800e+01 2.704612426e-12
1.511341800e+01 2.529628518e-12
1.555139300e+01 2.365950024e-12
1.600206100e+01 2.212847898e-12
1.646578800e+01 2.069639551e-12
1.694295400e+01 1.935687309e-12
1.743394700e+01 1.810393824e-12
1.793917000e+01 1.693199432e-12
1.845903300e+01 1.583582267e-12
1.899396100e+01 1.481052970e-12
1.954439200e+01 1.385153864e-12
2.011077300e+01 1.295456592e-12
2.069356800e+01 1.211560946e-12
2.129325100e+01 1.133092377e-12
2.191031300e+01 1.059700119e-12
2.254525700e+01 9.910560979e-13
2.319860100e+01 9.268536997e-13
2.387087900e+01 8.668057472e-13
2.456263800e+01 8.106442347e-13
2.527444400e+01 7.581175014e-13
2.600687800e+01 7.089905669e-13
2.676053700e+01 6.630440757e-13
2.753603700e+01 6.200720449e-13
2.833401000e+01 5.798822294e-13
2.915510800e+01 5.422948086e-13
3.000000000e+01 5.071412518e-13
