2.107132000e+07 2.246802000e+03
2.077247000e+07 2.114639000e+03
2.047768000e+07 1.994472000e+03
2.018698000e+07 1.884303000e+03
1.990056000e+07 1.782587000e+03
1.961830000e+07 1.688110000e+03
1.933996000e+07 1.598422000e+03
1.906561000e+07 1.513216000e+03
1.879516000e+07 1.433063000e+03
1.852855000e+07 1.357430000e+03
1.826573000e+07 1.285878000e+03
1.800666000e+07 1.218037000e+03
1.775126000e+07 1.153601000e+03
1.749949000e+07 1.092306000e+03
1.725130000e+07 1.033930000e+03
1.700664000e+07 9.782615000e+02
1.676545000e+07 9.251292000e+02
1.652766000e+07 8.744195000e+02
1.629327000e+07 8.260061000e+02
1.606225000e+07 7.797775000e+02
1.583447000e+07 7.356340000e+02
1.560993000e+07 6.934862000e+02
1.538858000e+07 6.532530000e+02
1.517037000e+07 6.148599000e+02
1.495520000e+07 5.783410000e+02
1.474319000e+07 5.437512000e+02
1.453414000e+07 5.107827000e+02
1.432800000e+07 4.793798000e+02
1.412492000e+07 4.494893000e+02
1.392458000e+07 4.210602000e+02
1.372723000e+07 3.940433000e+02
1.353221000e+07 3.683908000e+02
1.334318000e+07 3.458213000e+02
1.315395000e+07 3.129678000e+02
1.296745000e+07 2.835680000e+02
1.278359000e+07 2.569423000e+02
1.260234000e+07 2.328252000e+02
1.242366000e+07 2.109773000e+02
1.224752000e+07 1.911825000e+02
1.207388000e+07 1.732460000e+02
1.190270000e+07 1.569918000e+02
1.173395000e+07 1.422609000e+02
1.156760000e+07 1.289093000e+02
1.140361000e+07 1.168000000e+02
1.124194000e+07 1.058243000e+02
1.108257000e+07 9.587575000e+01
1.092546000e+07 8.685811000e+01
1.077057000e+07 7.868416000e+01
1.061789000e+07 7.127498000e+01
1.046737000e+07 6.455905000e+01
1.031899000e+07 5.847161000e+01
1.017271000e+07 5.295399000e+01
1.002852000e+07 4.795347000e+01
9.886367000e+06 4.342135000e+01
9.746232000e+06 3.931390000e+01
9.608086000e+06 3.559153000e+01
9.471901000e+06 3.221833000e+01
9.337649000e+06 2.916174000e+01
9.205303000e+06 2.639224000e+01
9.074835000e+06 2.388306000e+01
8.946217000e+06 2.160990000e+01
8.819426000e+06 1.955160000e+01
8.694436000e+06 1.768740000e+01
8.571220000e+06 1.599894000e+01
8.449754000e+06 1.446981000e+01
8.330011000e+06 1.308511000e+01
8.211969000e+06 1.183133000e+01
8.095603000e+06 1.069623000e+01
7.980889000e+06 9.668670000e+00
7.867802000e+06 8.738585000e+00
7.756306000e+06 7.897191000e+00
7.646425000e+06 7.135946000e+00
7.538089000e+06 6.447131000e+00
7.431292000e+06 5.823934000e+00
7.326012000e+06 5.260177000e+00
7.222226000e+06 4.750260000e+00
7.119915000e+06 4.289104000e+00
7.019058000e+06 3.872105000e+00
6.919651000e+06 3.495087000e+00
6.821656000e+06 3.153323000e+00
6.725035000e+06 2.843694000e+00
6.629787000e+06 2.563988000e+00
6.535891000e+06 2.311354000e+00
6.443330000e+06 2.083212000e+00
6.352084000e+06 1.877222000e+00
6.258068000e+06 1.691265000e+00
6.159572000e+06 1.564110000e+00
6.072233000e+06 1.540226000e+00
5.986177000e+06 1.515473000e+00
5.901272000e+06 1.489131000e+00
5.817574000e+06 1.463078000e+00
5.735066000e+06 1.437298000e+00
5.653731000e+06 1.411774000e+00
5.573553000e+06 1.386489000e+00
5.494515000e+06 1.361426000e+00
5.416593000e+06 1.336564000e+00
5.339765000e+06 1.311886000e+00
5.263962000e+06 1.288013000e+00
5.189304000e+06 1.266118000e+00
5.115708000e+06 1.244441000e+00
5.043157000e+06 1.222967000e+00
4.971638000e+06 1.201684000e+00
4.901130000e+06 1.180578000e+00
4.831637000e+06 1.159634000e+00
4.763126000e+06 1.138838000e+00
4.695575000e+06 1.118174000e+00
4.628908000e+06 1.097910000e+00
4.563260000e+06 1.079597000e+00
4.498544000e+06 1.061450000e+00
4.434749000e+06 1.043458000e+00
4.371860000e+06 1.025609000e+00
4.309866000e+06 1.007894000e+00
4.248753000e+06 9.903004000e-01
4.188509000e+06 9.728161000e-01
4.129122000e+06 9.554283000e-01
4.070488000e+06 9.381345000e-01
4.012761000e+06 9.227391000e-01
3.955855000e+06 9.074714000e-01
3.899757000e+06 8.923230000e-01
3.844457000e+06 8.772852000e-01
3.789943000e+06 8.623491000e-01
3.736204000e+06 8.475050000e-01
3.683229000e+06 8.327429000e-01
3.631008000e+06 8.180524000e-01
3.579458000e+06 8.034218000e-01
3.528688000e+06 7.902319000e-01
3.478648000e+06 7.773340000e-01
3.429318000e+06 7.645291000e-01
3.380690000e+06 7.518103000e-01
3.332753000e+06 7.391700000e-01
3.285498000e+06 7.266004000e-01
3.238915000e+06 7.140932000e-01
3.192994000e+06 7.016396000e-01
3.147673000e+06 6.892300000e-01
3.103021000e+06 6.778779000e-01
3.059017000e+06 6.669444000e-01
3.015640000e+06 6.560845000e-01
2.972878000e+06 6.452922000e-01
2.930725000e+06 6.345614000e-01
2.889170000e+06 6.238856000e-01
2.848207000e+06 6.132578000e-01
2.807826000e+06 6.026706000e-01
2.767981000e+06 5.921160000e-01
2.728709000e+06 5.823150000e-01
2.690015000e+06 5.730195000e-01
2.651870000e+06 5.637828000e-01
2.614267000e+06 5.545999000e-01
2.577199000e+06 5.454657000e-01
2.540658000e+06 5.363746000e-01
2.504636000e+06 5.273209000e-01
2.469127000e+06 5.182983000e-01
2.434074000e+06 5.093002000e-01
2.399506000e+06 5.012277000e-01
2.365138000e+06 4.941634000e-01
2.331483000e+06 4.934257000e-01
2.298350000e+06 4.937192000e-01
2.265687000e+06 4.940241000e-01
2.233487000e+06 4.943401000e-01
2.201743000e+06 4.946671000e-01
2.170450000e+06 4.950049000e-01
2.139600000e+06 4.953534000e-01
2.109187000e+06 4.957124000e-01
2.079206000e+06 4.960817000e-01
2.049650000e+06 4.964613000e-01
2.020513000e+06 4.968509000e-01
1.991789000e+06 4.972504000e-01
1.963472000e+06 4.976598000e-01
1.935557000e+06 4.980788000e-01
1.908037000e+06 4.985073000e-01
1.880907000e+06 4.989452000e-01
1.854163000e+06 4.993925000e-01
1.827797000e+06 4.998488000e-01
1.801805000e+06 5.003142000e-01
1.776181000e+06 5.007886000e-01
1.750921000e+06 5.012717000e-01
1.726019000e+06 5.017635000e-01
1.701470000e+06 5.022639000e-01
1.677269000e+06 5.027728000e-01
1.653411000e+06 5.032900000e-01
1.629891000e+06 5.038156000e-01
1.606705000e+06 5.043493000e-01
1.583847000e+06 5.048910000e-01
1.561313000e+06 5.054408000e-01
1.539099000e+06 5.059984000e-01
1.517199000e+06 5.065638000e-01
1.495611000e+06 5.071369000e-01
1.474328000e+06 5.077176000e-01
1.453346000e+06 5.083059000e-01
1.432663000e+06 5.089015000e-01
1.412272000e+06 5.095046000e-01
1.392171000e+06 5.101149000e-01
1.372354000e+06 5.107324000e-01
1.352818000e+06 5.113570000e-01
1.333559000e+06 5.119887000e-01
1.314573000e+06 5.126273000e-01
1.295856000e+06 5.132728000e-01
1.277405000e+06 5.139252000e-01
1.259215000e+06 5.145843000e-01
1.241283000e+06 5.152500000e-01
1.223605000e+06 5.159224000e-01
1.206177000e+06 5.166013000e-01
1.188997000e+06 5.172868000e-01
1.172060000e+06 5.179786000e-01
1.155363000e+06 5.186768000e-01
1.138903000e+06 5.193813000e-01
1.122675000e+06 5.200920000e-01
1.106678000e+06 5.208089000e-01
1.090908000e+06 5.215319000e-01
1.075361000e+06 5.222609000e-01
1.060035000e+06 5.229960000e-01
1.044926000e+06 5.237370000e-01
1.030031000e+06 5.244840000e-01
1.015346000e+06 5.252367000e-01
1.000870000e+06 5.259953000e-01
9.865996000e+05 5.267596000e-01
9.725309000e+05 5.275295000e-01
9.586617000e+05 5.283052000e-01
9.449890000e+05 5.290864000e-01
9.315100000e+05 5.298732000e-01
9.182220000e+05 5.306655000e-01
9.051223000e+05 5.314632000e-01
8.922082000e+05 5.322664000e-01
8.794771000e+05 5.330749000e-01
8.669264000e+05 5.338887000e-01
8.545535000e+05 5.347079000e-01
8.423559000e+05 5.355322000e-01
8.303312000e+05 5.363618000e-01
8.184768000e+05 5.371966000e-01
8.067904000e+05 5.380365000e-01
7.952695000e+05 5.388814000e-01
7.839118000e+05 5.397315000e-01
7.727151000e+05 5.405865000e-01
7.616770000e+05 5.414465000e-01
7.507952000e+05 5.423115000e-01
7.400677000e+05 5.431813000e-01
7.294920000e+05 5.440561000e-01
7.190662000e+05 5.449357000e-01
7.087881000e+05 5.458201000e-01
6.986556000e+05 5.467092000e-01
6.886666000e+05 5.476032000e-01
6.788190000e+05 5.485018000e-01
6.691110000e+05 5.494051000e-01
6.595405000e+05 5.503131000e-01
6.501055000e+05 5.512257000e-01
6.408042000e+05 5.521429000e-01
6.316346000e+05 5.530646000e-01
6.225948000e+05 5.539909000e-01
6.136831000e+05 5.549218000e-01
6.048976000e+05 5.558571000e-01
5.962365000e+05 5.567968000e-01
5.876981000e+05 5.577410000e-01
5.792806000e+05 5.586896000e-01
5.709822000e+05 5.596426000e-01
5.628014000e+05 5.606000000e-01
5.547364000e+05 5.615617000e-01
5.467856000e+05 5.625277000e-01
5.389474000e+05 5.634980000e-01
