2.000000e-02 1.626725e-09
2.057958e-02 1.605375e-09
2.117596e-02 1.582419e-09
2.178963e-02 1.558389e-09
2.242107e-02 1.533708e-09
2.307082e-02 1.508714e-09
2.373939e-02 1.485743e-09
2.442734e-02 1.464574e-09
2.513523e-02 1.443749e-09
2.586363e-02 1.423411e-09
2.661314e-02 1.403676e-09
2.738436e-02 1.384639e-09
2.817794e-02 1.366374e-09
2.899452e-02 1.348943e-09
2.983476e-02 1.332398e-09
3.069934e-02 1.316822e-09
3.158899e-02 1.302262e-09
3.250441e-02 1.288691e-09
3.344636e-02 1.276128e-09
3.441561e-02 1.264595e-09
3.541295e-02 1.254107e-09
3.643919e-02 1.244680e-09
3.749517e-02 1.236328e-09
3.858175e-02 1.229064e-09
3.969982e-02 1.222576e-09
4.085029e-02 1.216424e-09
4.203410e-02 1.211363e-09
4.325222e-02 1.207405e-09
4.450563e-02 1.204564e-09
4.579537e-02 1.202857e-09
4.712249e-02 1.202297e-09
4.848806e-02 1.202907e-09
4.989321e-02 1.199326e-09
5.133907e-02 1.234603e-09
5.282684e-02 1.268807e-09
5.435772e-02 1.303978e-09
5.593296e-02 1.340155e-09
5.755386e-02 1.377377e-09
5.922172e-02 1.415685e-09
6.093792e-02 1.455122e-09
6.270386e-02 1.495731e-09
6.452097e-02 1.537559e-09
6.639073e-02 1.580660e-09
6.831469e-02 1.625236e-09
7.029439e-02 1.671193e-09
7.233147e-02 1.718586e-09
7.442758e-02 1.767469e-09
7.658443e-02 1.817905e-09
7.880379e-02 1.869950e-09
8.108746e-02 1.923671e-09
8.343731e-02 1.979134e-09
8.585526e-02 2.036406e-09
8.834328e-02 2.095527e-09
9.090340e-02 2.156601e-09
9.353771e-02 2.219706e-09
9.624836e-02 2.284923e-09
9.903757e-02 2.352337e-09
1.019076e-01 2.422036e-09
1.048608e-01 2.494113e-09
1.078996e-01 2.568661e-09
1.110264e-01 2.645785e-09
1.142439e-01 2.725405e-09
1.175546e-01 2.807744e-09
1.209612e-01 2.892964e-09
1.244666e-01 2.981178e-09
1.280735e-01 3.072513e-09
1.317850e-01 3.167093e-09
1.356040e-01 3.265057e-09
1.395337e-01 3.366540e-09
1.435773e-01 3.471690e-09
1.477381e-01 3.580414e-09
1.520194e-01 3.692961e-09
1.564248e-01 3.809616e-09
1.609579e-01 3.930551e-09
1.656223e-01 4.055954e-09
1.704219e-01 4.186005e-09
1.753606e-01 4.320905e-09
1.804424e-01 4.460861e-09
1.856715e-01 4.606086e-09
1.910521e-01 4.758946e-09
1.965887e-01 4.919805e-09
2.022857e-01 5.087099e-09
2.081478e-01 5.261134e-09
2.141797e-01 5.442225e-09
2.203865e-01 5.630706e-09
2.267731e-01 5.826930e-09
2.333448e-01 5.893767e-09
2.401070e-01 5.642973e-09
2.470651e-01 5.409678e-09
2.542248e-01 5.196633e-09
2.615921e-01 4.993039e-09
2.691728e-01 4.798530e-09
2.769732e-01 4.612749e-09
2.849997e-01 4.435358e-09
2.932588e-01 4.266035e-09
3.017572e-01 4.104480e-09
3.105019e-01 3.950408e-09
3.195000e-01 3.800707e-09
3.287588e-01 3.650113e-09
3.382860e-01 3.506260e-09
3.480893e-01 3.368876e-09
3.581766e-01 3.237705e-09
3.685563e-01 3.112507e-09
3.792368e-01 2.993044e-09
3.902268e-01 2.879102e-09
4.015352e-01 2.770474e-09
4.131714e-01 2.665931e-09
4.251448e-01 2.559759e-09
4.374652e-01 2.458370e-09
4.501426e-01 2.361572e-09
4.631874e-01 2.269179e-09
4.766102e-01 2.181015e-09
4.904220e-01 2.096915e-09
5.046340e-01 2.016724e-09
5.192579e-01 1.940293e-09
5.343056e-01 1.867450e-09
5.497894e-01 1.792754e-09
5.657219e-01 1.721440e-09
5.821160e-01 1.653371e-09
5.989853e-01 1.588416e-09
6.163434e-01 1.526448e-09
6.342046e-01 1.467350e-09
6.525833e-01 1.411009e-09
6.714947e-01 1.357322e-09
6.909541e-01 1.306190e-09
7.109774e-01 1.254197e-09
7.315810e-01 1.204122e-09
7.527816e-01 1.156334e-09
7.745967e-01 1.110738e-09
7.970439e-01 1.067250e-09
8.201416e-01 1.025783e-09
8.439087e-01 9.862566e-10
8.683645e-01 9.485987e-10
8.935290e-01 9.127373e-10
9.194228e-01 8.766184e-10
9.460669e-01 8.415045e-10
9.734832e-01 8.079994e-10
1.001694e+00 7.760380e-10
1.030722e+00 7.455567e-10
1.060592e+00 7.164954e-10
1.091327e+00 6.887998e-10
1.122953e+00 6.624153e-10
1.155495e+00 6.372936e-10
1.188980e+00 6.122353e-10
1.223436e+00 5.876413e-10
1.258890e+00 5.641779e-10
1.295372e+00 5.417975e-10
1.332911e+00 5.204564e-10
1.371538e+00 5.001123e-10
1.411284e+00 4.807256e-10
1.452182e+00 4.622591e-10
1.494265e+00 4.446776e-10
1.537567e+00 4.267855e-10
1.582125e+00 4.085238e-10
1.627974e+00 3.836690e-10
1.675151e+00 3.592035e-10
1.723696e+00 3.362903e-10
1.773647e+00 3.148320e-10
1.825046e+00 2.947363e-10
1.877934e+00 2.759175e-10
1.932356e+00 2.582947e-10
1.988354e+00 2.417925e-10
2.045975e+00 2.263401e-10
2.105265e+00 2.118710e-10
2.166274e+00 1.983230e-10
2.229051e+00 1.856376e-10
2.293647e+00 1.737603e-10
2.360116e+00 1.626398e-10
2.428510e+00 1.522283e-10
2.498886e+00 1.424808e-10
2.571302e+00 1.333550e-10
2.645816e+00 1.248115e-10
2.722490e+00 1.168134e-10
2.801386e+00 1.093258e-10
2.882568e+00 1.023166e-10
2.966102e+00 9.575522e-11
3.052058e+00 8.961307e-11
3.140504e+00 8.386366e-11
3.231513e+00 7.848184e-11
3.325160e+00 7.344429e-11
3.421521e+00 6.872901e-11
3.520674e+00 6.431556e-11
3.622700e+00 6.018461e-11
3.727683e+00 5.631818e-11
3.835708e+00 5.269941e-11
3.946864e+00 4.931245e-11
4.061241e+00 4.614255e-11
4.178933e+00 4.317584e-11
4.300035e+00 4.039934e-11
4.424647e+00 3.780088e-11
4.552870e+00 3.536910e-11
4.684808e+00 3.309335e-11
4.820571e+00 3.096363e-11
4.960267e+00 2.897062e-11
5.104012e+00 2.710557e-11
5.251922e+00 2.536028e-11
5.404119e+00 2.372708e-11
5.560726e+00 2.219882e-11
5.721871e+00 2.076875e-11
5.887687e+00 1.943059e-11
6.058307e+00 1.817846e-11
6.233872e+00 1.700682e-11
6.414525e+00 1.591054e-11
6.600413e+00 1.488475e-11
6.791688e+00 1.392497e-11
6.988506e+00 1.302694e-11
7.191027e+00 1.218670e-11
7.399418e+00 1.140055e-11
7.613847e+00 1.066501e-11
7.834490e+00 9.976827e-12
8.061528e+00 9.332961e-12
8.295145e+00 8.730569e-12
8.535532e+00 8.166989e-12
8.782885e+00 7.639714e-12
9.037406e+00 7.146423e-12
9.299303e+00 6.684922e-12
9.568789e+00 6.253170e-12
9.846085e+00 5.849257e-12
1.013142e+01 5.471384e-12
1.042502e+01 5.117881e-12
1.072713e+01 4.787182e-12
1.103799e+01 4.477816e-12
1.135786e+01 4.188410e-12
1.168701e+01 3.917675e-12
1.202569e+01 3.664415e-12
1.237418e+01 3.427502e-12
1.273277e+01 3.205885e-12
1.310176e+01 2.998571e-12
1.348144e+01 2.804645e-12
1.387212e+01 2.623243e-12
1.427412e+01 2.453557e-12
1.468778e+01 2.294830e-12
1.511342e+01 2.146358e-12
1.555139e+01 2.007480e-12
1.600206e+01 1.877574e-12
1.646579e+01 1.756063e-12
1.694295e+01 1.642407e-12
1.743395e+01 1.536096e-12
1.793917e+01 1.436659e-12
1.845903e+01 1.343650e-12
1.899396e+01 1.256655e-12
1.954439e+01 1.175286e-12
2.011077e+01 1.099179e-12
2.069357e+01 1.027994e-12
2.129325e+01 9.614149e-13
2.191031e+01 8.991426e-13
2.254526e+01 8.408986e-13
2.319860e+01 7.864239e-13
2.387088e+01 7.354739e-13
2.456264e+01 6.878215e-13
2.527444e+01 6.432535e-13
2.600688e+01 6.015696e-13
2.676054e+01 5.625846e-13
2.753604e+01 5.261234e-13
2.833401e+01 4.920229e-13
2.915511e+01 4.601304e-13
3.000000e+01 4.303031e-13
