2.000000e-02 1.917205e-09
2.057958e-02 1.892043e-09
2.117596e-02 1.864988e-09
2.178963e-02 1.836666e-09
2.242107e-02 1.807579e-09
2.307082e-02 1.778121e-09
2.373939e-02 1.751049e-09
2.442734e-02 1.726099e-09
2.513523e-02 1.701555e-09
2.586363e-02 1.677586e-09
2.661314e-02 1.654327e-09
2.738436e-02 1.631891e-09
2.817794e-02 1.610364e-09
2.899452e-02 1.589821e-09
2.983476e-02 1.570321e-09
3.069934e-02 1.551963e-09
3.158899e-02 1.534804e-09
3.250441e-02 1.518809e-09
3.344636e-02 1.504004e-09
3.441561e-02 1.490411e-09
3.541295e-02 1.478050e-09
3.643919e-02 1.466940e-09
3.749517e-02 1.457096e-09
3.858175e-02 1.448535e-09
3.969982e-02 1.440889e-09
4.085029e-02 1.433637e-09
4.203410e-02 1.427673e-09
4.325222e-02 1.423008e-09
4.450563e-02 1.419661e-09
4.579537e-02 1.417648e-09
4.712249e-02 1.416988e-09
4.848806e-02 1.417708e-09
4.989321e-02 1.413487e-09
5.133907e-02 1.455063e-09
5.282684e-02 1.495375e-09
5.435772e-02 1.536826e-09
5.593296e-02 1.579463e-09
5.755386e-02 1.623332e-09
5.922172e-02 1.668480e-09
6.093792e-02 1.714959e-09
6.270386e-02 1.762820e-09
6.452097e-02 1.812117e-09
6.639073e-02 1.862915e-09
6.831469e-02 1.915450e-09
7.029439e-02 1.969614e-09
7.233147e-02 2.025469e-09
7.442758e-02 2.083082e-09
7.658443e-02 2.142523e-09
7.880379e-02 2.203862e-09
8.108746e-02 2.267176e-09
8.343731e-02 2.332543e-09
8.585526e-02 2.400042e-09
8.834328e-02 2.469720e-09
9.090340e-02 2.541700e-09
9.353771e-02 2.616074e-09
9.624836e-02 2.692937e-09
9.903757e-02 2.772388e-09
1.019076e-01 2.854533e-09
1.048608e-01 2.939481e-09
1.078996e-01 3.027341e-09
1.110264e-01 3.118236e-09
1.142439e-01 3.212074e-09
1.175546e-01 3.309117e-09
1.209612e-01 3.409554e-09
1.244666e-01 3.513519e-09
1.280735e-01 3.621165e-09
1.317850e-01 3.732633e-09
1.356040e-01 3.848090e-09
1.395337e-01 3.967695e-09
1.435773e-01 4.091621e-09
1.477381e-01 4.219760e-09
1.520194e-01 4.352404e-09
1.564248e-01 4.489889e-09
1.609579e-01 4.632420e-09
1.656223e-01 4.780216e-09
1.704219e-01 4.933490e-09
1.753606e-01 5.092478e-09
1.804424e-01 5.257426e-09
1.856715e-01 5.428584e-09
1.910521e-01 5.608739e-09
1.965887e-01 5.798322e-09
2.022857e-01 5.995490e-09
2.081478e-01 6.200602e-09
2.141797e-01 6.414030e-09
2.203865e-01 6.636168e-09
2.267731e-01 6.867431e-09
2.333448e-01 6.946203e-09
2.401070e-01 6.650625e-09
2.470651e-01 6.375671e-09
2.542248e-01 6.124583e-09
2.615921e-01 5.884634e-09
2.691728e-01 5.655392e-09
2.769732e-01 5.436437e-09
2.849997e-01 5.227369e-09
2.932588e-01 5.027810e-09
3.017572e-01 4.837408e-09
3.105019e-01 4.655822e-09
3.195000e-01 4.479390e-09
3.287588e-01 4.301905e-09
3.382860e-01 4.132365e-09
3.480893e-01 3.970448e-09
3.581766e-01 3.815855e-09
3.685563e-01 3.668299e-09
3.792368e-01 3.527505e-09
3.902268e-01 3.393216e-09
4.015352e-01 3.265191e-09
4.131714e-01 3.141980e-09
4.251448e-01 3.016849e-09
4.374652e-01 2.897355e-09
4.501426e-01 2.783272e-09
4.631874e-01 2.674380e-09
4.766102e-01 2.570474e-09
4.904220e-01 2.471356e-09
5.046340e-01 2.376846e-09
5.192579e-01 2.286767e-09
5.343056e-01 2.200917e-09
5.497894e-01 2.112882e-09
5.657219e-01 2.028833e-09
5.821160e-01 1.948610e-09
5.989853e-01 1.872055e-09
6.163434e-01 1.799023e-09
6.342046e-01 1.729371e-09
6.525833e-01 1.662970e-09
6.714947e-01 1.599696e-09
6.909541e-01 1.539433e-09
7.109774e-01 1.478155e-09
7.315810e-01 1.419139e-09
7.527816e-01 1.362817e-09
7.745967e-01 1.309080e-09
7.970439e-01 1.257826e-09
8.201416e-01 1.208954e-09
8.439087e-01 1.162370e-09
8.683645e-01 1.117988e-09
8.935290e-01 1.075723e-09
9.194228e-01 1.033154e-09
9.460669e-01 9.917699e-10
9.734832e-01 9.522819e-10
1.001694e+00 9.146133e-10
1.030722e+00 8.786890e-10
1.060592e+00 8.444383e-10
1.091327e+00 8.117971e-10
1.122953e+00 7.807012e-10
1.155495e+00 7.510935e-10
1.188980e+00 7.215607e-10
1.223436e+00 6.925750e-10
1.258890e+00 6.649219e-10
1.295372e+00 6.385450e-10
1.332911e+00 6.133930e-10
1.371538e+00 5.894161e-10
1.411284e+00 5.665677e-10
1.452182e+00 5.448036e-10
1.494265e+00 5.240826e-10
1.537567e+00 5.029956e-10
1.582125e+00 4.814729e-10
1.627974e+00 4.521798e-10
1.675151e+00 4.233457e-10
1.723696e+00 3.963409e-10
1.773647e+00 3.710508e-10
1.825046e+00 3.473666e-10
1.877934e+00 3.251874e-10
1.932356e+00 3.044178e-10
1.988354e+00 2.849688e-10
2.045975e+00 2.667571e-10
2.105265e+00 2.497043e-10
2.166274e+00 2.337370e-10
2.229051e+00 2.187864e-10
2.293647e+00 2.047883e-10
2.360116e+00 1.916820e-10
2.428510e+00 1.794114e-10
2.498886e+00 1.679232e-10
2.571302e+00 1.571678e-10
2.645816e+00 1.470988e-10
2.722490e+00 1.376724e-10
2.801386e+00 1.288479e-10
2.882568e+00 1.205870e-10
2.966102e+00 1.128540e-10
3.052058e+00 1.056151e-10
3.140504e+00 9.883900e-11
3.231513e+00 9.249616e-11
3.325160e+00 8.655906e-11
3.421521e+00 8.100179e-11
3.520674e+00 7.580023e-11
3.622700e+00 7.093163e-11
3.727683e+00 6.637479e-11
3.835708e+00 6.210981e-11
3.946864e+00 5.811806e-11
4.061241e+00 5.438212e-11
4.178933e+00 5.088564e-11
4.300035e+00 4.761335e-11
4.424647e+00 4.455089e-11
4.552870e+00 4.168488e-11
4.684808e+00 3.900275e-11
4.820571e+00 3.649273e-11
4.960267e+00 3.414383e-11
5.104012e+00 3.194574e-11
5.251922e+00 2.988880e-11
5.404119e+00 2.796397e-11
5.560726e+00 2.616280e-11
5.721871e+00 2.447737e-11
5.887687e+00 2.290026e-11
6.058307e+00 2.142454e-11
6.233872e+00 2.004369e-11
6.414525e+00 1.875164e-11
6.600413e+00 1.754269e-11
6.791688e+00 1.641152e-11
6.988506e+00 1.535313e-11
7.191027e+00 1.436286e-11
7.399418e+00 1.343632e-11
7.613847e+00 1.256943e-11
7.834490e+00 1.175837e-11
8.061528e+00 1.099953e-11
8.295145e+00 1.028957e-11
8.535532e+00 9.625349e-12
8.782885e+00 9.003920e-12
9.037406e+00 8.422543e-12
9.299303e+00 7.878633e-12
9.568789e+00 7.369784e-12
9.846085e+00 6.893745e-12
1.013142e+01 6.448396e-12
1.042502e+01 6.031768e-12
1.072713e+01 5.642017e-12
1.103799e+01 5.277409e-12
1.135786e+01 4.936324e-12
1.168701e+01 4.617245e-12
1.202569e+01 4.318761e-12
1.237418e+01 4.039543e-12
1.273277e+01 3.778352e-12
1.310176e+01 3.534019e-12
1.348144e+01 3.305464e-12
1.387212e+01 3.091669e-12
1.427412e+01 2.891683e-12
1.468778e+01 2.704612e-12
1.511342e+01 2.529628e-12
1.555139e+01 2.365951e-12
1.600206e+01 2.212848e-12
1.646579e+01 2.069639e-12
1.694295e+01 1.935688e-12
1.743395e+01 1.810393e-12
1.793917e+01 1.693199e-12
1.845903e+01 1.583583e-12
1.899396e+01 1.481053e-12
1.954439e+01 1.385154e-12
2.011077e+01 1.295457e-12
2.069357e+01 1.211561e-12
2.129325e+01 1.133092e-12
2.191031e+01 1.059700e-12
2.254526e+01 9.910559e-13
2.319860e+01 9.268538e-13
2.387088e+01 8.668057e-13
2.456264e+01 8.106441e-13
2.527444e+01 7.581177e-13
2.600688e+01 7.089905e-13
2.676054e+01 6.630440e-13
2.753604e+01 6.200719e-13
2.833401e+01 5.798822e-13
2.915511e+01 5.422948e-13
3.000000e+01 5.071413e-13
