2.000000e-02 2.446430e-04
2.057958e-02 2.559720e-04
2.117596e-02 2.675772e-04
2.178963e-02 2.794894e-04
2.242107e-02 2.917371e-04
2.307082e-02 3.043485e-04
2.373939e-02 3.172027e-04
2.442734e-02 3.303340e-04
2.513523e-02 3.438762e-04
2.586363e-02 3.578527e-04
2.661314e-02 3.722880e-04
2.738436e-02 3.872058e-04
2.817794e-02 4.026310e-04
2.899452e-02 4.185890e-04
2.983476e-02 4.351049e-04
3.069934e-02 4.522002e-04
3.158899e-02 4.698997e-04
3.250441e-02 4.882373e-04
3.344636e-02 5.072419e-04
3.441561e-02 5.269434e-04
3.541295e-02 5.473725e-04
3.643919e-02 5.685612e-04
3.749517e-02 5.905426e-04
3.858175e-02 6.133509e-04
3.969982e-02 6.370788e-04
4.085029e-02 6.618529e-04
4.203410e-02 6.875900e-04
4.325222e-02 7.143328e-04
4.450563e-02 7.421253e-04
4.579537e-02 7.710136e-04
4.712249e-02 8.010465e-04
4.848806e-02 8.322733e-04
4.989321e-02 8.641943e-04
5.133907e-02 9.015017e-04
5.282684e-02 9.408801e-04
5.435772e-02 9.819162e-04
5.593296e-02 1.024681e-03
5.755386e-02 1.069249e-03
5.922172e-02 1.115696e-03
6.093792e-02 1.164103e-03
6.270386e-02 1.214555e-03
6.452097e-02 1.267137e-03
6.639073e-02 1.321939e-03
6.831469e-02 1.379013e-03
7.029439e-02 1.438497e-03
7.233147e-02 1.500495e-03
7.442758e-02 1.565112e-03
7.658443e-02 1.632461e-03
7.880379e-02 1.702658e-03
8.108746e-02 1.775824e-03
8.343731e-02 1.852086e-03
8.585526e-02 1.931576e-03
8.834328e-02 2.014442e-03
9.090340e-02 2.100818e-03
9.353771e-02 2.190853e-03
9.624836e-02 2.284705e-03
9.903757e-02 2.382534e-03
1.019076e-01 2.484511e-03
1.048608e-01 2.590813e-03
1.078996e-01 2.701626e-03
1.110264e-01 2.817138e-03
1.142439e-01 2.937619e-03
1.175546e-01 3.063236e-03
1.209612e-01 3.194193e-03
1.244666e-01 3.330720e-03
1.280735e-01 3.473051e-03
1.317850e-01 3.621438e-03
1.356040e-01 3.776137e-03
1.395337e-01 3.937421e-03
1.435773e-01 4.105572e-03
1.477381e-01 4.280981e-03
1.520194e-01 4.463919e-03
1.564248e-01 4.654664e-03
1.609579e-01 4.853550e-03
1.656223e-01 5.060920e-03
1.704219e-01 5.277146e-03
1.753606e-01 5.502604e-03
1.804424e-01 5.737691e-03
1.856715e-01 5.982826e-03
1.910521e-01 6.237498e-03
1.965887e-01 6.502085e-03
2.022857e-01 6.777827e-03
2.081478e-01 7.065195e-03
2.141797e-01 7.364669e-03
2.203865e-01 7.676765e-03
2.267731e-01 8.002000e-03
2.333448e-01 8.313489e-03
2.401070e-01 8.569287e-03
2.470651e-01 8.828985e-03
2.542248e-01 9.090107e-03
2.615921e-01 9.358038e-03
2.691728e-01 9.632865e-03
2.769732e-01 9.914682e-03
2.849997e-01 1.020357e-02
2.932588e-01 1.049959e-02
3.017572e-01 1.080279e-02
3.105019e-01 1.111320e-02
3.195000e-01 1.143369e-02
3.287588e-01 1.177019e-02
3.382860e-01 1.211544e-02
3.480893e-01 1.246956e-02
3.581766e-01 1.283266e-02
3.685563e-01 1.320484e-02
3.792368e-01 1.358618e-02
3.902268e-01 1.397673e-02
4.015352e-01 1.437654e-02
4.131714e-01 1.478753e-02
4.251448e-01 1.522102e-02
4.374652e-01 1.566575e-02
4.501426e-01 1.612188e-02
4.631874e-01 1.658954e-02
4.766102e-01 1.706887e-02
4.904220e-01 1.755997e-02
5.046340e-01 1.806292e-02
5.192579e-01 1.857775e-02
5.343056e-01 1.910459e-02
5.497894e-01 1.966282e-02
5.657219e-01 2.023549e-02
5.821160e-01 2.082282e-02
5.989853e-01 2.142498e-02
6.163434e-01 2.204214e-02
6.342046e-01 2.267443e-02
6.525833e-01 2.332194e-02
6.714947e-01 2.398473e-02
6.909541e-01 2.466280e-02
7.109774e-01 2.537847e-02
7.315810e-01 2.611569e-02
7.527816e-01 2.687173e-02
7.745967e-01 2.764686e-02
7.970439e-01 2.844127e-02
8.201416e-01 2.925512e-02
8.439087e-01 3.008855e-02
8.683645e-01 3.094162e-02
8.935290e-01 3.181434e-02
9.194228e-01 3.273137e-02
9.460669e-01 3.368012e-02
9.734832e-01 3.465311e-02
1.001694e+00 3.565063e-02
1.030722e+00 3.667293e-02
1.060592e+00 3.772027e-02
1.091327e+00 3.879276e-02
1.122953e+00 3.989053e-02
1.155495e+00 4.101354e-02
1.188980e+00 4.218817e-02
1.223436e+00 4.340888e-02
1.258890e+00 4.466073e-02
1.295372e+00 4.594416e-02
1.332911e+00 4.725946e-02
1.371538e+00 4.860693e-02
1.411284e+00 4.998676e-02
1.452182e+00 5.139909e-02
1.494265e+00 5.284392e-02
1.537567e+00 5.437043e-02
1.582125e+00 5.599032e-02
1.627974e+00 5.802509e-02
1.675151e+00 6.019591e-02
1.723696e+00 6.244800e-02
1.773647e+00 6.478430e-02
1.825046e+00 6.720804e-02
1.877934e+00 6.972242e-02
1.932356e+00 7.233092e-02
1.988354e+00 7.503699e-02
2.045975e+00 7.784428e-02
2.105265e+00 8.075656e-02
2.166274e+00 8.377783e-02
2.229051e+00 8.691215e-02
2.293647e+00 9.016374e-02
2.360116e+00 9.353700e-02
2.428510e+00 9.703642e-02
2.498886e+00 1.006667e-01
2.571302e+00 1.044329e-01
2.645816e+00 1.083399e-01
2.722490e+00 1.123932e-01
2.801386e+00 1.165981e-01
2.882568e+00 1.209603e-01
2.966102e+00 1.254856e-01
3.052058e+00 1.301804e-01
3.140504e+00 1.350507e-01
3.231513e+00 1.401032e-01
3.325160e+00 1.453448e-01
3.421521e+00 1.507825e-01
3.520674e+00 1.564236e-01
3.622700e+00 1.622757e-01
3.727683e+00 1.683468e-01
3.835708e+00 1.746450e-01
3.946864e+00 1.811789e-01
4.061241e+00 1.879572e-01
4.178933e+00 1.949891e-01
4.300035e+00 2.022841e-01
4.424647e+00 2.098520e-01
4.552870e+00 2.177030e-01
4.684808e+00 2.258477e-01
4.820571e+00 2.342972e-01
4.960267e+00 2.430628e-01
5.104012e+00 2.521563e-01
5.251922e+00 2.615900e-01
5.404119e+00 2.713767e-01
5.560726e+00 2.815295e-01
5.721871e+00 2.920621e-01
5.887687e+00 3.029888e-01
6.058307e+00 3.143242e-01
6.233872e+00 3.260838e-01
6.414525e+00 3.382834e-01
6.600413e+00 3.509393e-01
6.791688e+00 3.640687e-01
6.988506e+00 3.776893e-01
7.191027e+00 3.918195e-01
7.399418e+00 4.064783e-01
7.613847e+00 4.216856e-01
7.834490e+00 4.374617e-01
8.061528e+00 4.538282e-01
8.295145e+00 4.708069e-01
8.535532e+00 4.884208e-01
8.782885e+00 5.066937e-01
9.037406e+00 5.256502e-01
9.299303e+00 5.453160e-01
9.568789e+00 5.657174e-01
9.846085e+00 5.868821e-01
1.013142e+01 6.088389e-01
1.042502e+01 6.316169e-01
1.072713e+01 6.552471e-01
1.103799e+01 6.797610e-01
1.135786e+01 7.051922e-01
1.168701e+01 7.315757e-01
1.202569e+01 7.589455e-01
1.237418e+01 7.873388e-01
1.273277e+01 8.167945e-01
1.310176e+01 8.473530e-01
1.348144e+01 8.790544e-01
1.387212e+01 9.119416e-01
1.427412e+01 9.460591e-01
1.468778e+01 9.814539e-01
1.511342e+01 1.018172e+00
1.555139e+01 1.056264e+00
1.600206e+01 1.095781e+00
1.646579e+01 1.136777e+00
1.694295e+01 1.179306e+00
1.743395e+01 1.223427e+00
1.793917e+01 1.269198e+00
1.845903e+01 1.316681e+00
1.899396e+01 1.365941e+00
1.954439e+01 1.417044e+00
2.011077e+01 1.470058e+00
2.069357e+01 1.525057e+00
2.129325e+01 1.582112e+00
2.191031e+01 1.641303e+00
2.254526e+01 1.702708e+00
2.319860e+01 1.766409e+00
2.387088e+01 1.832495e+00
2.456264e+01 1.901053e+00
2.527444e+01 1.972175e+00
2.600688e+01 2.045959e+00
2.676054e+01 2.122503e+00
2.753604e+01 2.201910e+00
2.833401e+01 2.284288e+00
2.915511e+01 2.369749e+00
3.000000e+01 2.458406e+00
