2.000000e-02 3.105301e+09
2.057958e-02 3.249102e+09
2.117596e-02 3.396409e+09
2.178963e-02 3.547613e+09
2.242107e-02 3.703076e+09
2.307082e-02 3.863154e+09
2.373939e-02 4.026315e+09
2.442734e-02 4.192994e+09
2.513523e-02 4.364887e+09
2.586363e-02 4.542294e+09
2.661314e-02 4.725524e+09
2.738436e-02 4.914878e+09
2.817794e-02 5.110674e+09
2.899452e-02 5.313231e+09
2.983476e-02 5.522871e+09
3.069934e-02 5.739864e+09
3.158899e-02 5.964529e+09
3.250441e-02 6.197291e+09
3.344636e-02 6.438520e+09
3.441561e-02 6.688594e+09
3.541295e-02 6.947905e+09
3.643919e-02 7.216857e+09
3.749517e-02 7.495871e+09
3.858175e-02 7.785382e+09
3.969982e-02 8.086565e+09
4.085029e-02 8.401028e+09
4.203410e-02 8.727713e+09
4.325222e-02 9.067165e+09
4.450563e-02 9.419941e+09
4.579537e-02 9.786625e+09
4.712249e-02 1.016784e+10
4.848806e-02 1.056421e+10
4.989321e-02 1.096939e+10
5.133907e-02 1.144294e+10
5.282684e-02 1.194277e+10
5.435772e-02 1.246365e+10
5.593296e-02 1.300648e+10
5.755386e-02 1.357218e+10
5.922172e-02 1.416175e+10
6.093792e-02 1.477619e+10
6.270386e-02 1.541658e+10
6.452097e-02 1.608402e+10
6.639073e-02 1.677963e+10
6.831469e-02 1.750408e+10
7.029439e-02 1.825913e+10
7.233147e-02 1.904607e+10
7.442758e-02 1.986627e+10
7.658443e-02 2.072114e+10
7.880379e-02 2.161217e+10
8.108746e-02 2.254088e+10
8.343731e-02 2.350889e+10
8.585526e-02 2.451787e+10
8.834328e-02 2.556970e+10
9.090340e-02 2.666609e+10
9.353771e-02 2.780893e+10
9.624836e-02 2.900020e+10
9.903757e-02 3.024197e+10
1.019076e-01 3.153638e+10
1.048608e-01 3.288570e+10
1.078996e-01 3.429226e+10
1.110264e-01 3.575848e+10
1.142439e-01 3.728777e+10
1.175546e-01 3.888225e+10
1.209612e-01 4.054451e+10
1.244666e-01 4.227748e+10
1.280735e-01 4.408410e+10
1.317850e-01 4.596761e+10
1.356040e-01 4.793123e+10
1.395337e-01 4.997845e+10
1.435773e-01 5.211283e+10
1.477381e-01 5.433932e+10
1.520194e-01 5.666139e+10
1.564248e-01 5.908256e+10
1.609579e-01 6.160705e+10
1.656223e-01 6.423924e+10
1.704219e-01 6.698383e+10
1.753606e-01 6.984562e+10
1.804424e-01 7.282962e+10
1.856715e-01 7.594117e+10
1.910521e-01 7.917377e+10
1.965887e-01 8.253222e+10
2.022857e-01 8.603227e+10
2.081478e-01 8.967989e+10
2.141797e-01 9.348118e+10
2.203865e-01 9.744267e+10
2.267731e-01 1.015709e+11
2.333448e-01 1.055247e+11
2.401070e-01 1.087716e+11
2.470651e-01 1.120680e+11
2.542248e-01 1.153825e+11
2.615921e-01 1.187834e+11
2.691728e-01 1.222718e+11
2.769732e-01 1.258490e+11
2.849997e-01 1.295159e+11
2.932588e-01 1.332733e+11
3.017572e-01 1.371219e+11
3.105019e-01 1.410621e+11
3.195000e-01 1.451300e+11
3.287588e-01 1.494013e+11
3.382860e-01 1.537837e+11
3.480893e-01 1.582786e+11
3.581766e-01 1.628875e+11
3.685563e-01 1.676116e+11
3.792368e-01 1.724520e+11
3.902268e-01 1.774094e+11
4.015352e-01 1.824842e+11
4.131714e-01 1.877010e+11
4.251448e-01 1.932034e+11
4.374652e-01 1.988484e+11
4.501426e-01 2.046381e+11
4.631874e-01 2.105743e+11
4.766102e-01 2.166585e+11
4.904220e-01 2.228922e+11
5.046340e-01 2.292761e+11
5.192579e-01 2.358110e+11
5.343056e-01 2.424983e+11
5.497894e-01 2.495840e+11
5.657219e-01 2.568531e+11
5.821160e-01 2.643081e+11
5.989853e-01 2.719515e+11
6.163434e-01 2.797852e+11
6.342046e-01 2.878109e+11
6.525833e-01 2.960299e+11
6.714947e-01 3.044428e+11
6.909541e-01 3.130497e+11
7.109774e-01 3.221339e+11
7.315810e-01 3.314915e+11
7.527816e-01 3.410881e+11
7.745967e-01 3.509270e+11
7.970439e-01 3.610106e+11
8.201416e-01 3.713409e+11
8.439087e-01 3.819198e+11
8.683645e-01 3.927480e+11
8.935290e-01 4.038255e+11
9.194228e-01 4.154656e+11
9.460669e-01 4.275083e+11
9.734832e-01 4.398587e+11
1.001694e+00 4.525203e+11
1.030722e+00 4.654966e+11
1.060592e+00 4.787907e+11
1.091327e+00 4.924041e+11
1.122953e+00 5.063382e+11
1.155495e+00 5.205928e+11
1.188980e+00 5.355026e+11
1.223436e+00 5.509974e+11
1.258890e+00 5.668873e+11
1.295372e+00 5.831781e+11
1.332911e+00 5.998735e+11
1.371538e+00 6.169771e+11
1.411284e+00 6.344916e+11
1.452182e+00 6.524186e+11
1.494265e+00 6.707581e+11
1.537567e+00 6.901344e+11
1.582125e+00 7.106960e+11
1.627974e+00 7.365237e+11
1.675151e+00 7.640784e+11
1.723696e+00 7.926646e+11
1.773647e+00 8.223197e+11
1.825046e+00 8.530847e+11
1.877934e+00 8.850002e+11
1.932356e+00 9.181104e+11
1.988354e+00 9.524590e+11
2.045975e+00 9.880925e+11
2.105265e+00 1.025059e+12
2.166274e+00 1.063408e+12
2.229051e+00 1.103193e+12
2.293647e+00 1.144466e+12
2.360116e+00 1.187283e+12
2.428510e+00 1.231702e+12
2.498886e+00 1.277782e+12
2.571302e+00 1.325587e+12
2.645816e+00 1.375180e+12
2.722490e+00 1.426628e+12
2.801386e+00 1.480003e+12
2.882568e+00 1.535373e+12
2.966102e+00 1.592813e+12
3.052058e+00 1.652405e+12
3.140504e+00 1.714224e+12
3.231513e+00 1.778358e+12
3.325160e+00 1.844890e+12
3.421521e+00 1.913912e+12
3.520674e+00 1.985515e+12
3.622700e+00 2.059797e+12
3.727683e+00 2.136859e+12
3.835708e+00 2.216803e+12
3.946864e+00 2.299739e+12
4.061241e+00 2.385777e+12
4.178933e+00 2.475035e+12
4.300035e+00 2.567631e+12
4.424647e+00 2.663692e+12
4.552870e+00 2.763347e+12
4.684808e+00 2.866729e+12
4.820571e+00 2.973980e+12
4.960267e+00 3.085243e+12
5.104012e+00 3.200669e+12
5.251922e+00 3.320413e+12
5.404119e+00 3.444637e+12
5.560726e+00 3.573508e+12
5.721871e+00 3.707201e+12
5.887687e+00 3.845896e+12
6.058307e+00 3.989779e+12
6.233872e+00 4.139045e+12
6.414525e+00 4.293896e+12
6.600413e+00 4.454540e+12
6.791688e+00 4.621194e+12
6.988506e+00 4.794084e+12
7.191027e+00 4.973441e+12
7.399418e+00 5.159508e+12
7.613847e+00 5.352537e+12
7.834490e+00 5.552786e+12
8.061528e+00 5.760529e+12
8.295145e+00 5.976043e+12
8.535532e+00 6.199620e+12
8.782885e+00 6.431562e+12
9.037406e+00 6.672180e+12
9.299303e+00 6.921801e+12
9.568789e+00 7.180760e+12
9.846085e+00 7.449408e+12
1.013142e+01 7.728111e+12
1.042502e+01 8.017235e+12
1.072713e+01 8.317179e+12
1.103799e+01 8.628338e+12
1.135786e+01 8.951141e+12
1.168701e+01 9.286032e+12
1.202569e+01 9.633442e+12
1.237418e+01 9.993844e+12
1.273277e+01 1.036773e+13
1.310176e+01 1.075562e+13
1.348144e+01 1.115801e+13
1.387212e+01 1.157545e+13
1.427412e+01 1.200851e+13
1.468778e+01 1.245778e+13
1.511342e+01 1.292386e+13
1.555139e+01 1.340736e+13
1.600206e+01 1.390896e+13
1.646579e+01 1.442933e+13
1.694295e+01 1.496916e+13
1.743395e+01 1.552919e+13
1.793917e+01 1.611017e+13
1.845903e+01 1.671288e+13
1.899396e+01 1.733815e+13
1.954439e+01 1.798681e+13
2.011077e+01 1.865974e+13
2.069357e+01 1.935785e+13
2.129325e+01 2.008206e+13
2.191031e+01 2.083337e+13
2.254526e+01 2.161280e+13
2.319860e+01 2.242138e+13
2.387088e+01 2.326022e+13
2.456264e+01 2.413043e+13
2.527444e+01 2.503319e+13
2.600688e+01 2.596975e+13
2.676054e+01 2.694134e+13
2.753604e+01 2.794927e+13
2.833401e+01 2.899491e+13
2.915511e+01 3.007968e+13
3.000000e+01 3.120502e+13
