2.000000e-02 2.107132e+07 2.246802e+03
2.057958e-02 2.077247e+07 2.114639e+03
2.117596e-02 2.047768e+07 1.994472e+03
2.178963e-02 2.018698e+07 1.884303e+03
2.242107e-02 1.990056e+07 1.782587e+03
2.307082e-02 1.961830e+07 1.688110e+03
2.373939e-02 1.933996e+07 1.598422e+03
2.442734e-02 1.906561e+07 1.513216e+03
2.513523e-02 1.879516e+07 1.433063e+03
2.586363e-02 1.852855e+07 1.357430e+03
2.661314e-02 1.826573e+07 1.285878e+03
2.738436e-02 1.800666e+07 1.218037e+03
2.817794e-02 1.775126e+07 1.153601e+03
2.899452e-02 1.749949e+07 1.092306e+03
2.983476e-02 1.725130e+07 1.033930e+03
3.069934e-02 1.700664e+07 9.782615e+02
3.158899e-02 1.676545e+07 9.251292e+02
3.250441e-02 1.652766e+07 8.744195e+02
3.344636e-02 1.629327e+07 8.260061e+02
3.441561e-02 1.606225e+07 7.797775e+02
3.541295e-02 1.583447e+07 7.356340e+02
3.643919e-02 1.560993e+07 6.934862e+02
3.749517e-02 1.538858e+07 6.532530e+02
3.858175e-02 1.517037e+07 6.148599e+02
3.969982e-02 1.495520e+07 5.783410e+02
4.085029e-02 1.474319e+07 5.437512e+02
4.203410e-02 1.453414e+07 5.107827e+02
4.325222e-02 1.432800e+07 4.793798e+02
4.450563e-02 1.412492e+07 4.494893e+02
4.579537e-02 1.392458e+07 4.210602e+02
4.712249e-02 1.372723e+07 3.940433e+02
4.848806e-02 1.353221e+07 3.683908e+02
4.989321e-02 1.334318e+07 3.458213e+02
5.133907e-02 1.315395e+07 3.129678e+02
5.282684e-02 1.296745e+07 2.835680e+02
5.435772e-02 1.278359e+07 2.569423e+02
5.593296e-02 1.260234e+07 2.328252e+02
5.755386e-02 1.242366e+07 2.109773e+02
5.922172e-02 1.224752e+07 1.911825e+02
6.093792e-02 1.207388e+07 1.732460e+02
6.270386e-02 1.190270e+07 1.569918e+02
6.452097e-02 1.173395e+07 1.422609e+02
6.639073e-02 1.156760e+07 1.289093e+02
6.831469e-02 1.140361e+07 1.168000e+02
7.029439e-02 1.124194e+07 1.058243e+02
7.233147e-02 1.108257e+07 9.587575e+01
7.442758e-02 1.092546e+07 8.685811e+01
7.658443e-02 1.077057e+07 7.868416e+01
7.880379e-02 1.061789e+07 7.127498e+01
8.108746e-02 1.046737e+07 6.455905e+01
8.343731e-02 1.031899e+07 5.847161e+01
8.585526e-02 1.017271e+07 5.295399e+01
8.834328e-02 1.002852e+07 4.795347e+01
9.090340e-02 9.886367e+06 4.342135e+01
9.353771e-02 9.746232e+06 3.931390e+01
9.624836e-02 9.608086e+06 3.559153e+01
9.903757e-02 9.471901e+06 3.221833e+01
1.019076e-01 9.337649e+06 2.916174e+01
1.048608e-01 9.205303e+06 2.639224e+01
1.078996e-01 9.074835e+06 2.388306e+01
1.110264e-01 8.946217e+06 2.160990e+01
1.142439e-01 8.819426e+06 1.955160e+01
1.175546e-01 8.694436e+06 1.768740e+01
1.209612e-01 8.571220e+06 1.599894e+01
1.244666e-01 8.449754e+06 1.446981e+01
1.280735e-01 8.330011e+06 1.308511e+01
1.317850e-01 8.211969e+06 1.183133e+01
1.356040e-01 8.095603e+06 1.069623e+01
1.395337e-01 7.980889e+06 9.668670e+00
1.435773e-01 7.867802e+06 8.738585e+00
1.477381e-01 7.756306e+06 7.897191e+00
1.520194e-01 7.646425e+06 7.135946e+00
1.564248e-01 7.538089e+06 6.447131e+00
1.609579e-01 7.431292e+06 5.823934e+00
1.656223e-01 7.326012e+06 5.260177e+00
1.704219e-01 7.222226e+06 4.750260e+00
1.753606e-01 7.119915e+06 4.289104e+00
1.804424e-01 7.019058e+06 3.872105e+00
1.856715e-01 6.919651e+06 3.495087e+00
1.910521e-01 6.821656e+06 3.153323e+00
1.965887e-01 6.725035e+06 2.843694e+00
2.022857e-01 6.629787e+06 2.563988e+00
2.081478e-01 6.535891e+06 2.311354e+00
2.141797e-01 6.443330e+06 2.083212e+00
2.203865e-01 6.352084e+06 1.877222e+00
2.267731e-01 6.258068e+06 1.691265e+00
2.333448e-01 6.159572e+06 1.564110e+00
2.401070e-01 6.072233e+06 1.540226e+00
2.470651e-01 5.986177e+06 1.515473e+00
2.542248e-01 5.901272e+06 1.489131e+00
2.615921e-01 5.817574e+06 1.463078e+00
2.691728e-01 5.735066e+06 1.437298e+00
2.769732e-01 5.653731e+06 1.411774e+00
2.849997e-01 5.573553e+06 1.386489e+00
2.932588e-01 5.494515e+06 1.361426e+00
3.017572e-01 5.416593e+06 1.336564e+00
3.105019e-01 5.339765e+06 1.311886e+00
3.195000e-01 5.263962e+06 1.288013e+00
3.287588e-01 5.189304e+06 1.266118e+00
3.382860e-01 5.115708e+06 1.244441e+00
3.480893e-01 5.043157e+06 1.222967e+00
3.581766e-01 4.971638e+06 1.201684e+00
3.685563e-01 4.901130e+06 1.180578e+00
3.792368e-01 4.831637e+06 1.159634e+00
3.902268e-01 4.763126e+06 1.138838e+00
4.015352e-01 4.695575e+06 1.118174e+00
4.131714e-01 4.628908e+06 1.097910e+00
4.251448e-01 4.563260e+06 1.079597e+00
4.374652e-01 4.498544e+06 1.061450e+00
4.501426e-01 4.434749e+06 1.043458e+00
4.631874e-01 4.371860e+06 1.025609e+00
4.766102e-01 4.309866e+06 1.007894e+00
4.904220e-01 4.248753e+06 9.903004e-01
5.046340e-01 4.188509e+06 9.728161e-01
5.192579e-01 4.129122e+06 9.554283e-01
5.343056e-01 4.070488e+06 9.381345e-01
5.497894e-01 4.012761e+06 9.227391e-01
5.657219e-01 3.955855e+06 9.074714e-01
5.821160e-01 3.899757e+06 8.923230e-01
5.989853e-01 3.844457e+06 8.772852e-01
6.163434e-01 3.789943e+06 8.623491e-01
6.342046e-01 3.736204e+06 8.475050e-01
6.525833e-01 3.683229e+06 8.327429e-01
6.714947e-01 3.631008e+06 8.180524e-01
6.909541e-01 3.579458e+06 8.034218e-01
7.109774e-01 3.528688e+06 7.902319e-01
7.315810e-01 3.478648e+06 7.773340e-01
7.527816e-01 3.429318e+06 7.645291e-01
7.745967e-01 3.380690e+06 7.518103e-01
7.970439e-01 3.332753e+06 7.391700e-01
8.201416e-01 3.285498e+06 7.266004e-01
8.439087e-01 3.238915e+06 7.140932e-01
8.683645e-01 3.192994e+06 7.016396e-01
8.935290e-01 3.147673e+06 6.892300e-01
9.194228e-01 3.103021e+06 6.778779e-01
9.460669e-01 3.059017e+06 6.669444e-01
9.734832e-01 3.015640e+06 6.560845e-01
1.001694e+00 2.972878e+06 6.452922e-01
1.030722e+00 2.930725e+06 6.345614e-01
1.060592e+00 2.889170e+06 6.238856e-01
1.091327e+00 2.848207e+06 6.132578e-01
1.122953e+00 2.807826e+06 6.026706e-01
1.155495e+00 2.767981e+06 5.921160e-01
1.188980e+00 2.728709e+06 5.823150e-01
1.223436e+00 2.690015e+06 5.730195e-01
1.258890e+00 2.651870e+06 5.637828e-01
1.295372e+00 2.614267e+06 5.545999e-01
1.332911e+00 2.577199e+06 5.454657e-01
1.371538e+00 2.540658e+06 5.363746e-01
1.411284e+00 2.504636e+06 5.273209e-01
1.452182e+00 2.469127e+06 5.182983e-01
1.494265e+00 2.434074e+06 5.093002e-01
1.537567e+00 2.399506e+06 5.012277e-01
1.582125e+00 2.365138e+06 4.941634e-01
1.627974e+00 2.331483e+06 4.934257e-01
1.675151e+00 2.298350e+06 4.937192e-01
1.723696e+00 2.265687e+06 4.940241e-01
1.773647e+00 2.233487e+06 4.943401e-01
1.825046e+00 2.201743e+06 4.946671e-01
1.877934e+00 2.170450e+06 4.950049e-01
1.932356e+00 2.139600e+06 4.953534e-01
1.988354e+00 2.109187e+06 4.957124e-01
2.045975e+00 2.079206e+06 4.960817e-01
2.105265e+00 2.049650e+06 4.964613e-01
2.166274e+00 2.020513e+06 4.968509e-01
2.229051e+00 1.991789e+06 4.972504e-01
2.293647e+00 1.963472e+06 4.976598e-01
2.360116e+00 1.935557e+06 4.980788e-01
2.428510e+00 1.908037e+06 4.985073e-01
2.498886e+00 1.880907e+06 4.989452e-01
2.571302e+00 1.854163e+06 4.993925e-01
2.645816e+00 1.827797e+06 4.998488e-01
2.722490e+00 1.801805e+06 5.003142e-01
2.801386e+00 1.776181e+06 5.007886e-01
2.882568e+00 1.750921e+06 5.012717e-01
2.966102e+00 1.726019e+06 5.017635e-01
3.052058e+00 1.701470e+06 5.022639e-01
3.140504e+00 1.677269e+06 5.027728e-01
3.231513e+00 1.653411e+06 5.032900e-01
3.325160e+00 1.629891e+06 5.038156e-01
3.421521e+00 1.606705e+06 5.043493e-01
3.520674e+00 1.583847e+06 5.048910e-01
3.622700e+00 1.561313e+06 5.054408e-01
3.727683e+00 1.539099e+06 5.059984e-01
3.835708e+00 1.517199e+06 5.065638e-01
3.946864e+00 1.495611e+06 5.071369e-01
4.061241e+00 1.474328e+06 5.077176e-01
4.178933e+00 1.453346e+06 5.083059e-01
4.300035e+00 1.432663e+06 5.089015e-01
4.424647e+00 1.412272e+06 5.095046e-01
4.552870e+00 1.392171e+06 5.101149e-01
4.684808e+00 1.372354e+06 5.107324e-01
4.820571e+00 1.352818e+06 5.113570e-01
4.960267e+00 1.333559e+06 5.119887e-01
5.104012e+00 1.314573e+06 5.126273e-01
5.251922e+00 1.295856e+06 5.132728e-01
5.404119e+00 1.277405e+06 5.139252e-01
5.560726e+00 1.259215e+06 5.145843e-01
5.721871e+00 1.241283e+06 5.152500e-01
5.887687e+00 1.223605e+06 5.159224e-01
6.058307e+00 1.206177e+06 5.166013e-01
6.233872e+00 1.188997e+06 5.172868e-01
6.414525e+00 1.172060e+06 5.179786e-01
6.600413e+00 1.155363e+06 5.186768e-01
6.791688e+00 1.138903e+06 5.193813e-01
6.988506e+00 1.122675e+06 5.200920e-01
7.191027e+00 1.106678e+06 5.208089e-01
7.399418e+00 1.090908e+06 5.215319e-01
7.613847e+00 1.075361e+06 5.222609e-01
7.834490e+00 1.060035e+06 5.229960e-01
8.061528e+00 1.044926e+06 5.237370e-01
8.295145e+00 1.030031e+06 5.244840e-01
8.535532e+00 1.015346e+06 5.252367e-01
8.782885e+00 1.000870e+06 5.259953e-01
9.037406e+00 9.865996e+05 5.267596e-01
9.299303e+00 9.725309e+05 5.275295e-01
9.568789e+00 9.586617e+05 5.283052e-01
9.846085e+00 9.449890e+05 5.290864e-01
1.013142e+01 9.315100e+05 5.298732e-01
1.042502e+01 9.182220e+05 5.306655e-01
1.072713e+01 9.051223e+05 5.314632e-01
1.103799e+01 8.922082e+05 5.322664e-01
1.135786e+01 8.794771e+05 5.330749e-01
1.168701e+01 8.669264e+05 5.338887e-01
1.202569e+01 8.545535e+05 5.347079e-01
1.237418e+01 8.423559e+05 5.355322e-01
1.273277e+01 8.303312e+05 5.363618e-01
1.310176e+01 8.184768e+05 5.371966e-01
1.348144e+01 8.067904e+05 5.380365e-01
1.387212e+01 7.952695e+05 5.388814e-01
1.427412e+01 7.839118e+05 5.397315e-01
1.468778e+01 7.727151e+05 5.405865e-01
1.511342e+01 7.616770e+05 5.414465e-01
1.555139e+01 7.507952e+05 5.423115e-01
1.600206e+01 7.400677e+05 5.431813e-01
1.646579e+01 7.294920e+05 5.440561e-01
1.694295e+01 7.190662e+05 5.449357e-01
1.743395e+01 7.087881e+05 5.458201e-01
1.793917e+01 6.986556e+05 5.467092e-01
1.845903e+01 6.886666e+05 5.476032e-01
1.899396e+01 6.788190e+05 5.485018e-01
1.954439e+01 6.691110e+05 5.494051e-01
2.011077e+01 6.595405e+05 5.503131e-01
2.069357e+01 6.501055e+05 5.512257e-01
2.129325e+01 6.408042e+05 5.521429e-01
2.191031e+01 6.316346e+05 5.530646e-01
2.254526e+01 6.225948e+05 5.539909e-01
2.319860e+01 6.136831e+05 5.549218e-01
2.387088e+01 6.048976e+05 5.558571e-01
2.456264e+01 5.962365e+05 5.567968e-01
2.527444e+01 5.876981e+05 5.577410e-01
2.600688e+01 5.792806e+05 5.586896e-01
2.676054e+01 5.709822e+05 5.596426e-01
2.753604e+01 5.628014e+05 5.606000e-01
2.833401e+01 5.547364e+05 5.615617e-01
2.915511e+01 5.467856e+05 5.625277e-01
3.000000e+01 5.389474e+05 5.634980e-01
