2.000000000e-02
2.058000000e-02
2.117600000e-02
2.179000000e-02
2.242100000e-02
2.307100000e-02
2.373900000e-02
2.442700000e-02
2.513500000e-02
2.586400000e-02
2.661300000e-02
2.738400000e-02
2.817800000e-02
2.899500000e-02
2.983500000e-02
3.069900000e-02
3.158900000e-02
3.250400000e-02
3.344600000e-02
3.441600000e-02
3.541300000e-02
3.643900000e-02
3.749500000e-02
3.858200000e-02
3.970000000e-02
4.085000000e-02
4.203400000e-02
4.325200000e-02
4.450600000e-02
4.579500000e-02
4.712200000e-02
4.848800000e-02
4.989300000e-02
5.133900000e-02
5.282700000e-02
5.435800000e-02
5.593300000e-02
5.755400000e-02
5.922200000e-02
6.093800000e-02
6.270400000e-02
6.452100000e-02
6.639100000e-02
6.831500000e-02
7.029400000e-02
7.233100000e-02
7.442800000e-02
7.658400000e-02
7.880400000e-02
8.108700000e-02
8.343700000e-02
8.585500000e-02
8.834300000e-02
9.090300000e-02
9.353800000e-02
9.624800000e-02
9.903800000e-02
1.019080000e-01
1.048610000e-01
1.079000000e-01
1.110260000e-01
1.142440000e-01
1.175550000e-01
1.209610000e-01
1.244670000e-01
1.280740000e-01
1.317850000e-01
1.356040000e-01
1.395340000e-01
1.435770000e-01
1.477380000e-01
1.520190000e-01
1.564250000e-01
1.609580000e-01
1.656220000e-01
1.704220000e-01
1.753610000e-01
1.804420000e-01
1.856720000e-01
1.910520000e-01
1.965890000e-01
2.022860000e-01
2.081480000e-01
2.141800000e-01
2.203860000e-01
2.267730000e-01
2.333450000e-01
2.401070000e-01
2.470650000e-01
2.542250000e-01
2.615920000e-01
2.691730000e-01
2.769730000e-01
2.850000000e-01
2.932590000e-01
3.017570000e-01
3.105020000e-01
3.195000000e-01
3.287590000e-01
3.382860000e-01
3.480890000e-01
3.581770000e-01
3.685560000e-01
3.792370000e-01
3.902270000e-01
4.015350000e-01
4.131710000e-01
4.251450000e-01
4.374650000e-01
4.501430000e-01
4.631870000e-01
4.766100000e-01
4.904220000e-01
5.046340000e-01
5.192580000e-01
5.343060000e-01
5.497890000e-01
5.657220000e-01
5.821160000e-01
5.989850000e-01
6.163430000e-01
6.342050000e-01
6.525830000e-01
6.714950000e-01
6.909540000e-01
7.109770000e-01
7.315810000e-01
7.527820000e-01
7.745970000e-01
7.970440000e-01
8.201420000e-01
8.439090000e-01
8.683640000e-01
8.935290000e-01
9.194230000e-01
9.460670000e-01
9.734830000e-01
1.001694000e+00
1.030722000e+00
1.060592000e+00
1.091327000e+00
1.122953000e+00
1.155495000e+00
1.188980000e+00
1.223436000e+00
1.258890000e+00
1.295372000e+00
1.332911000e+00
1.371538000e+00
1.411284000e+00
1.452182000e+00
1.494265000e+00
1.537567000e+00
1.582125000e+00
1.627974000e+00
1.675151000e+00
1.723696000e+00
1.773647000e+00
1.825046000e+00
1.877934000e+00
1.932356000e+00
1.988354000e+00
2.045975000e+00
2.105265000e+00
2.166274000e+00
2.229051000e+00
2.293647000e+00
2.360116000e+00
2.428510000e+00
2.498886000e+00
2.571302000e+00
2.645816000e+00
2.722490000e+00
2.801386000e+00
2.882568000e+00
2.966102000e+00
3.052058000e+00
3.140504000e+00
3.231513000e+00
3.325160000e+00
3.421521000e+00
3.520674000e+00
3.622700000e+00
3.727683000e+00
3.835708000e+00
3.946864000e+00
4.061241000e+00
4.178933000e+00
4.300035000e+00
4.424647000e+00
4.552870000e+00
4.684808000e+00
4.820571000e+00
4.960267000e+00
5.104012000e+00
5.251922000e+00
5.404119000e+00
5.560726000e+00
5.721871000e+00
5.887687000e+00
6.058307000e+00
6.233872000e+00
6.414525000e+00
6.600413000e+00
6.791688000e+00
6.988506000e+00
7.191027000e+00
7.399418000e+00
7.613847000e+00
7.834490000e+00
8.061528000e+00
8.295145000e+00
8.535532000e+00
8.782885000e+00
9.037406000e+00
9.299303000e+00
9.568789000e+00
9.846085000e+00
1.013141700e+01
1.042501800e+01
1.072712700e+01
1.103799100e+01
1.135786300e+01
1.168700500e+01
1.202568600e+01
1.237418100e+01
1.273277500e+01
1.310176100e+01
1.348144000e+01
1.387212100e+01
1.427412500e+01
1.468777800e+01
1.511341800e+01
1.555139300e+01
1.600206100e+01
1.646578800e+01
1.694295400e+01
1.743394700e+01
1.793917000e+01
1.845903300e+01
1.899396100e+01
1.954439200e+01
2.011077300e+01
2.069356800e+01
2.129325100e+01
2.191031300e+01
2.254525700e+01
2.319860100e+01
2.387087900e+01
2.456263800e+01
2.527444400e+01
2.600687800e+01
2.676053700e+01
2.753603700e+01
2.833401000e+01
2.915510800e+01
3.000000000e+01
